#Timestamp	T0 - GPD IFplate (C)	T1 - GPD drift (C)	T2 - GPD mech (C)	T3 - Tank TC (C)	T4 - GTC TF Outlet (C)	T5 - AC TF Outlet (C)	T6 - Ambient (C)	T7 - Tank PT100 (C)	TJulaboInternal (C)	P0 - Setra AC (mbar)	P1 - Setra Filling (mbar)	P2 - Omega AC (mbar)	P3 - Omega GTC (mbar)	PressFullrange (mbar)	P4 - MKS AC (mbar)	P5 - MKS GPD (mbar)
2024-02-09 16:12:19.997	12.12	12.12	11.71	20.96	11.25	11.08	22.52	20.62	 9.98	 874	 902	1163	 993	3.080E-2	1169	1003
2024-02-09 16:12:24.997	12.10	12.10	11.70	20.94	11.28	11.08	22.47	20.63	 9.98	 874	 902	1163	 993	3.090E-2	1169	1003
2024-02-09 16:12:29.997	12.10	12.10	11.69	21.01	11.27	11.10	22.43	20.63	10.00	 874	 902	1164	 993	3.060E-2	1169	1003
2024-02-09 16:12:34.997	12.10	12.08	11.70	21.11	11.27	11.10	22.47	20.67	10.01	 874	 902	1164	 993	3.090E-2	1169	1003
2024-02-09 16:12:39.997	12.13	12.04	11.67	21.32	11.25	11.09	22.47	20.64	10.01	 874	 902	1164	 992	3.070E-2	1169	1003
2024-02-09 16:12:44.997	12.11	12.08	11.68	21.39	11.25	11.09	22.50	20.63	10.01	 874	 902	1164	 992	3.070E-2	1169	1003
2024-02-09 16:12:49.999	12.09	12.07	11.69	21.39	11.25	11.07	22.50	20.65	10.01	 874	 902	1164	 992	3.080E-2	1169	1003
2024-02-09 16:12:54.999	12.07	12.12	11.67	21.36	11.29	11.08	22.47	20.63	10.01	 874	 902	1163	 992	3.090E-2	1169	1003
2024-02-09 16:13:00.001	12.06	12.14	11.70	21.25	11.28	11.08	22.46	20.60	10.02	 874	 902	1163	 992	3.080E-2	1169	1003
2024-02-09 16:13:05.001	12.09	12.08	11.72	21.13	11.26	11.08	22.43	20.62	10.02	 875	 902	1163	 992	3.080E-2	1169	1003
2024-02-09 16:13:10.001	12.11	12.12	11.72	21.14	11.26	11.09	22.46	20.60	10.01	 875	 902	1164	 991	3.090E-2	1169	1003
2024-02-09 16:13:15.001	12.08	12.10	11.75	21.26	11.27	11.10	22.45	20.61	10.01	 875	 902	1164	 991	3.080E-2	1169	1003
2024-02-09 16:13:20.001	12.08	12.11	11.75	21.24	11.29	11.12	22.45	20.62	10.01	 875	 902	1164	 991	3.080E-2	1169	1003
2024-02-09 16:13:25.001	12.10	12.12	11.73	21.19	11.32	11.12	22.45	20.63	10.01	 874	 902	1164	 991	3.070E-2	1169	1003
2024-02-09 16:13:30.001	12.11	12.09	11.71	21.45	11.34	11.10	22.47	20.63	10.01	 874	 902	1163	 991	3.090E-2	1169	1003
2024-02-09 16:13:35.001	12.15	12.08	11.72	21.40	11.33	11.10	22.47	20.63	10.02	 874	 902	1163	 991	3.080E-2	1169	1003
2024-02-09 16:13:40.002	12.17	12.06	11.71	21.24	11.34	11.08	22.47	20.63	10.01	 874	 902	1164	 991	3.070E-2	1169	1003
2024-02-09 16:13:45.001	12.18	12.07	11.72	21.36	11.29	11.09	22.50	20.61	10.01	 874	 902	1163	 992	3.070E-2	1169	1003
2024-02-09 16:13:50.002	12.18	12.09	11.76	21.06	11.29	11.11	22.48	20.67	10.00	 874	 902	1163	 992	3.070E-2	1169	1003
2024-02-09 16:13:55.002	12.15	12.10	11.74	20.89	11.28	11.10	22.50	20.65	10.01	 874	 902	1163	 992	3.090E-2	1169	1003
2024-02-09 16:14:00.002	12.17	12.10	11.75	21.05	11.27	11.10	22.52	20.66	10.00	 874	 902	1163	 992	3.070E-2	1169	1003
2024-02-09 16:14:05.002	12.11	12.07	11.72	21.06	11.29	11.08	22.49	20.67	10.01	 874	 903	1163	 991	3.070E-2	1169	1003
2024-02-09 16:14:10.002	12.08	12.08	11.72	21.20	11.28	11.07	22.49	20.62	10.01	 874	 902	1163	 991	3.070E-2	1169	1003
2024-02-09 16:14:15.002	12.06	12.06	11.73	21.27	11.27	11.08	22.49	20.63	10.01	 874	 902	1163	 992	3.070E-2	1169	1003
2024-02-09 16:14:20.002	12.03	12.07	11.71	21.25	11.28	11.09	22.47	20.63	10.00	 874	 902	1163	 992	3.070E-2	1169	1003
2024-02-09 16:14:25.003	12.07	12.11	11.73	21.35	11.30	11.06	22.48	20.63	 9.99	 874	 902	1164	 991	3.080E-2	1169	1003
2024-02-09 16:14:30.004	12.12	12.14	11.76	21.22	11.33	11.06	22.46	20.64	 9.99	 874	 902	1165	 991	3.070E-2	1169	1003
2024-02-09 16:14:35.003	12.21	12.24	11.82	21.25	11.32	11.07	22.45	20.63	10.01	 874	 902	1165	 991	3.070E-2	1169	1003
2024-02-09 16:14:40.004	12.29	12.31	11.92	21.26	11.30	11.08	22.48	20.62	10.02	 874	 902	1164	 991	3.070E-2	1169	1003
2024-02-09 16:14:45.004	12.38	12.37	12.03	21.11	11.28	11.09	22.48	20.63	10.02	 874	 902	1164	 992	3.070E-2	1169	1003
2024-02-09 16:14:50.003	12.46	12.45	12.08	21.30	11.28	11.10	22.48	20.63	10.01	 874	 902	1163	 992	3.080E-2	1169	1003
2024-02-09 16:14:55.003	12.55	12.47	12.15	21.35	11.29	11.08	22.52	20.69	10.01	 874	 902	1164	 992	3.090E-2	1169	1003
2024-02-09 16:15:00.005	12.59	12.54	12.20	21.56	11.30	11.08	22.47	20.67	10.01	 875	 902	1164	 993	3.080E-2	1169	1003
2024-02-09 16:15:05.005	12.64	12.58	12.26	21.61	11.31	11.09	22.47	20.69	 9.99	 874	 902	1164	 992	3.070E-2	1169	1003
2024-02-09 16:15:10.005	12.69	12.58	12.33	21.47	11.28	11.10	22.50	20.67	 9.99	 874	 902	1164	 993	3.080E-2	1169	1003
2024-02-09 16:15:15.007	12.72	12.62	12.35	21.41	11.29	11.10	22.49	20.61	10.01	 874	 902	1163	 993	3.080E-2	1169	1003
2024-02-09 16:15:20.006	12.76	12.61	12.39	21.37	11.29	11.11	22.51	20.66	10.00	 874	 902	1163	 993	3.080E-2	1169	1003
2024-02-09 16:15:25.006	12.79	12.61	12.41	21.51	11.30	11.09	22.52	20.64	10.00	 874	 902	1163	 993	3.070E-2	1169	1003
2024-02-09 16:15:30.007	12.81	12.64	12.44	21.64	11.30	11.08	22.51	20.68	10.00	 874	 902	1163	 993	3.090E-2	1169	1003
2024-02-09 16:15:35.007	12.80	12.65	12.50	21.54	11.29	11.06	22.49	20.68	10.01	 874	 902	1163	 993	3.070E-2	1169	1003
2024-02-09 16:15:40.007	12.83	12.67	12.52	21.46	11.29	11.05	22.48	20.64	10.01	 875	 902	1164	 992	3.070E-2	1169	1003
2024-02-09 16:15:45.006	12.83	12.69	12.57	21.47	11.27	11.06	22.49	20.69	10.01	 875	 902	1164	 992	3.080E-2	1169	1003
2024-02-09 16:15:50.006	12.84	12.68	12.57	21.23	11.31	11.05	22.47	20.62	10.01	 875	 902	1164	 993	3.070E-2	1169	1003
2024-02-09 16:15:55.007	12.89	12.70	12.56	21.47	11.33	11.04	22.47	20.68	10.01	 875	 902	1165	 992	3.080E-2	1169	1003
2024-02-09 16:16:00.007	12.90	12.72	12.57	21.33	11.33	11.05	22.47	20.69	10.01	 875	 902	1164	 993	3.090E-2	1169	1003
2024-02-09 16:16:05.009	12.94	12.75	12.57	21.22	11.33	11.05	22.47	20.63	10.00	 874	 902	1163	 993	3.080E-2	1169	1003
2024-02-09 16:16:10.008	12.96	12.77	12.58	21.08	11.31	11.08	22.49	20.68	10.01	 874	 903	1164	 992	3.070E-2	1169	1003
2024-02-09 16:16:15.008	12.96	12.79	12.59	20.93	11.29	11.10	22.53	20.61	10.01	 874	 902	1163	 992	3.090E-2	1169	1003
2024-02-09 16:16:20.008	12.95	12.77	12.61	21.05	11.26	11.09	22.55	20.62	10.01	 874	 902	1163	 992	3.070E-2	1169	1003
2024-02-09 16:16:25.009	12.93	12.77	12.60	21.28	11.26	11.11	22.51	20.61	10.00	 874	 902	1163	 992	3.070E-2	1169	1003
2024-02-09 16:16:30.009	12.94	12.80	12.64	21.53	11.27	11.09	22.51	20.62	10.01	 874	 902	1163	 993	3.080E-2	1169	1003
2024-02-09 16:16:35.010	12.93	12.81	12.64	21.45	11.31	11.08	22.46	20.64	10.00	 874	 903	1163	 992	3.090E-2	1169	1003
2024-02-09 16:16:40.010	12.95	12.84	12.65	21.58	11.29	11.08	22.51	20.65	10.00	 875	 903	1163	 993	3.080E-2	1169	1003
2024-02-09 16:16:45.017	12.95	12.87	12.67	21.38	11.30	11.06	22.52	20.65	10.01	 875	 903	1163	 992	3.070E-2	1169	1003
2024-02-09 16:16:50.017	12.98	12.88	12.69	21.30	11.29	11.05	22.52	20.68	10.01	 874	 902	1163	 992	3.090E-2	1169	1003
2024-02-09 16:16:55.017	13.03	12.89	12.72	21.33	11.27	11.06	22.50	20.67	10.01	 874	 902	1162	 992	3.080E-2	1169	1003
2024-02-09 16:17:00.017	13.04	12.88	12.74	21.10	11.30	11.03	22.46	20.64	10.02	 874	 902	1163	 993	3.080E-2	1169	1003
2024-02-09 16:17:05.018	13.07	12.85	12.77	21.06	11.27	11.06	22.47	20.64	10.01	 874	 902	1163	 993	3.070E-2	1169	1003
2024-02-09 16:17:10.017	13.05	12.83	12.74	21.20	11.26	11.10	22.46	20.59	10.02	 874	 902	1163	 992	3.070E-2	1169	1003
2024-02-09 16:17:15.017	13.02	12.83	12.73	21.16	11.26	11.11	22.47	20.61	10.01	 874	 902	1163	 992	3.080E-2	1169	1003
2024-02-09 16:17:20.019	12.99	12.82	12.70	21.39	11.26	11.15	22.48	20.60	10.01	 874	 902	1163	 992	3.080E-2	1169	1003
2024-02-09 16:17:25.019	12.99	12.81	12.69	21.51	11.28	11.16	22.48	20.61	10.01	 874	 902	1163	 992	3.070E-2	1169	1003
2024-02-09 16:17:30.019	13.00	12.82	12.71	21.46	11.30	11.16	22.47	20.62	10.01	 874	 902	1163	 993	3.080E-2	1169	1003
2024-02-09 16:17:35.019	12.98	12.86	12.73	21.66	11.29	11.15	22.47	20.60	10.00	 874	 902	1163	 993	3.070E-2	1169	1003
2024-02-09 16:17:40.019	13.04	12.88	12.73	21.75	11.31	11.11	22.43	20.64	10.00	 874	 902	1163	 993	3.080E-2	1169	1003
2024-02-09 16:17:45.019	13.06	12.92	12.77	21.53	11.29	11.09	22.44	20.64	10.01	 874	 902	1164	 992	3.080E-2	1169	1003
2024-02-09 16:17:50.020	13.10	12.94	12.78	21.63	11.31	11.08	22.42	20.63	10.02	 874	 902	1163	 992	3.070E-2	1169	1003
2024-02-09 16:17:55.019	13.17	12.95	12.81	21.71	11.31	11.06	22.43	20.67	10.01	 874	 902	1163	 992	3.090E-2	1169	1003
2024-02-09 16:18:00.019	13.17	13.04	12.92	21.67	11.31	11.05	22.47	20.67	10.01	 875	 902	1163	 991	3.070E-2	1169	1003
2024-02-09 16:18:05.020	13.19	13.06	12.96	21.98	11.32	11.05	22.46	20.68	10.00	 874	 902	1163	 992	3.070E-2	1169	1003
2024-02-09 16:18:10.019	13.20	13.09	13.04	21.89	11.32	11.03	22.48	20.71	10.01	 875	 902	1164	 992	3.080E-2	1169	1003
2024-02-09 16:18:15.019	13.23	13.08	13.07	21.48	11.31	11.04	22.50	20.69	10.00	 874	 902	1164	 993	3.070E-2	1169	1003
2024-02-09 16:18:20.020	13.27	13.02	13.05	21.17	11.32	11.08	22.48	20.72	10.00	 874	 902	1164	 992	3.080E-2	1169	1003
2024-02-09 16:18:25.020	13.29	13.03	13.06	20.73	11.31	11.11	22.47	20.69	10.01	 874	 902	1164	 991	3.080E-2	1169	1003
2024-02-09 16:18:30.020	13.30	13.00	13.03	20.79	11.30	11.13	22.45	20.66	10.01	 874	 903	1164	 990	3.080E-2	1169	1003
2024-02-09 16:18:35.020	13.29	12.97	13.02	21.42	11.33	11.13	22.43	20.66	10.00	 874	 903	1164	 990	3.080E-2	1169	1003
2024-02-09 16:18:40.020	13.28	12.94	12.99	21.87	11.35	11.13	22.45	20.62	10.00	 874	 903	1163	 990	3.080E-2	1169	1003
2024-02-09 16:18:45.020	13.26	12.87	12.93	21.89	11.38	11.09	22.44	20.67	10.01	 874	 903	1163	 990	3.070E-2	1169	1003
2024-02-09 16:18:50.020	13.20	12.82	12.90	22.09	11.38	11.09	22.45	20.66	10.00	 874	 903	1163	 991	3.090E-2	1169	1003
2024-02-09 16:18:55.021	13.14	12.79	12.86	21.88	11.36	11.07	22.47	20.67	10.00	 874	 902	1163	 990	3.080E-2	1169	1003
2024-02-09 16:19:00.021	13.08	12.78	12.84	21.64	11.32	11.08	22.47	20.66	10.00	 874	 902	1164	 991	3.070E-2	1169	1003
2024-02-09 16:19:05.022	13.02	12.77	12.83	21.75	11.28	11.11	22.49	20.63	10.00	 874	 902	1164	 991	3.070E-2	1169	1003
2024-02-09 16:19:10.021	13.01	12.74	12.77	21.50	11.30	11.10	22.50	20.63	10.00	 874	 902	1164	 991	3.070E-2	1169	1003
2024-02-09 16:19:15.021	12.97	12.72	12.72	21.34	11.29	11.13	22.47	20.61	10.01	 874	 902	1164	 992	3.070E-2	1169	1003
2024-02-09 16:19:20.022	12.98	12.70	12.71	21.56	11.30	11.11	22.50	20.63	10.01	 874	 903	1164	 992	3.080E-2	1169	1003
2024-02-09 16:19:25.023	12.97	12.68	12.66	21.66	11.31	11.09	22.49	20.65	10.01	 874	 902	1164	 991	3.080E-2	1169	1003
2024-02-09 16:19:30.024	12.96	12.68	12.67	21.79	11.31	11.07	22.48	20.68	10.01	 874	 903	1164	 991	3.080E-2	1169	1003
2024-02-09 16:19:35.024	12.99	12.69	12.65	21.76	11.31	11.05	22.48	20.71	10.01	 875	 903	1164	 991	3.080E-2	1169	1003
2024-02-09 16:19:40.024	13.00	12.70	12.64	21.58	11.33	11.06	22.41	20.73	10.00	 874	 902	1164	 992	3.070E-2	1169	1003
2024-02-09 16:19:45.026	13.02	12.72	12.62	21.47	11.35	11.10	22.41	20.71	10.00	 875	 902	1164	 992	3.080E-2	1169	1003
2024-02-09 16:19:50.025	13.01	12.68	12.60	21.42	11.34	11.09	22.45	20.74	 9.99	 874	 901	1164	 991	3.070E-2	1169	1003
2024-02-09 16:19:55.026	12.98	12.69	12.62	21.28	11.37	11.13	22.44	20.69	 9.99	 875	 901	1164	 991	3.090E-2	1169	1003
2024-02-09 16:20:00.026	12.96	12.68	12.62	21.03	11.35	11.12	22.47	20.68	 9.97	 874	 901	1165	 991	3.070E-2	1169	1003
2024-02-09 16:20:05.025	12.95	12.63	12.63	21.12	11.33	11.07	22.48	20.67	 9.98	 874	 902	1164	 991	3.080E-2	1169	1003
2024-02-09 16:20:10.026	12.95	12.67	12.62	20.94	11.34	11.06	22.46	20.63	 9.99	 874	 902	1164	 992	3.060E-2	1169	1003
2024-02-09 16:20:15.026	12.94	12.69	12.63	21.24	11.34	11.03	22.50	20.67	10.00	 874	 902	1163	 992	3.070E-2	1169	1003
2024-02-09 16:20:20.026	12.95	12.68	12.58	21.29	11.37	11.04	22.47	20.65	10.00	 874	 902	1163	 992	3.080E-2	1169	1003
2024-02-09 16:20:25.026	12.95	12.70	12.60	21.24	11.38	11.06	22.47	20.64	10.00	 874	 902	1164	 992	3.080E-2	1169	1003
2024-02-09 16:20:30.027	12.95	12.70	12.61	21.59	11.37	11.10	22.46	20.67	10.02	 874	 902	1165	 992	3.070E-2	1169	1003
2024-02-09 16:20:35.027	12.95	12.65	12.61	21.57	11.33	11.12	22.45	20.64	10.15	 874	 902	1165	 992	3.090E-2	1169	1003
2024-02-09 16:20:40.026	12.92	12.66	12.67	21.71	11.29	11.15	22.50	20.66	10.43	 874	 902	1165	 992	3.080E-2	1169	1003
2024-02-09 16:20:45.026	12.88	12.66	12.63	22.07	11.27	11.14	22.52	20.65	10.75	 874	 902	1164	 993	3.070E-2	1169	1003
2024-02-09 16:20:50.028	12.84	12.62	12.62	21.93	11.28	11.14	22.52	20.68	11.13	 874	 902	1164	 992	3.090E-2	1169	1003
2024-02-09 16:20:55.028	12.83	12.62	12.60	21.98	11.31	11.22	22.53	20.72	11.53	 874	 902	1164	 991	3.070E-2	1169	1003
2024-02-09 16:21:00.028	12.87	12.60	12.57	22.19	11.35	11.32	22.52	20.74	11.87	 874	 902	1165	 991	3.070E-2	1169	1003
2024-02-09 16:21:05.028	12.89	12.59	12.60	21.81	11.38	11.50	22.51	20.79	12.28	 874	 902	1164	 990	3.090E-2	1169	1003
2024-02-09 16:21:10.028	12.91	12.63	12.60	21.76	11.42	11.75	22.51	20.75	12.59	 874	 902	1165	 991	3.080E-2	1169	1003
2024-02-09 16:21:15.029	12.95	12.64	12.61	21.57	11.47	11.99	22.52	20.73	12.93	 875	 902	1165	 992	3.070E-2	1169	1003
2024-02-09 16:21:20.029	12.95	12.66	12.59	21.40	11.54	12.27	22.51	20.71	13.40	 875	 902	1165	 992	3.090E-2	1170	1003
2024-02-09 16:21:25.029	12.95	12.68	12.55	21.51	11.65	12.56	22.51	20.64	13.84	 875	 902	1165	 993	3.060E-2	1170	1003
2024-02-09 16:21:30.029	12.99	12.65	12.58	21.49	11.75	12.86	22.52	20.67	14.19	 875	 902	1164	 992	3.080E-2	1170	1003
2024-02-09 16:21:35.029	12.95	12.64	12.57	21.51	11.87	13.19	22.52	20.64	14.58	 875	 903	1164	 992	3.080E-2	1170	1003
2024-02-09 16:21:40.029	12.94	12.66	12.58	21.40	12.00	13.54	22.53	20.65	15.12	 875	 902	1164	 992	3.080E-2	1170	1003
2024-02-09 16:21:45.030	12.94	12.64	12.61	21.28	12.11	13.84	22.54	20.71	15.32	 875	 902	1164	 993	3.070E-2	1170	1003
2024-02-09 16:21:50.030	12.91	12.68	12.62	21.20	12.28	14.16	22.52	20.70	15.85	 875	 902	1164	 993	3.090E-2	1171	1003
2024-02-09 16:21:55.031	12.91	12.69	12.62	20.97	12.42	14.47	22.51	20.68	16.20	 876	 902	1165	 993	3.070E-2	1171	1003
2024-02-09 16:22:00.031	12.90	12.65	12.62	20.83	12.56	14.77	22.49	20.66	16.48	 876	 902	1166	 993	3.070E-2	1171	1003
2024-02-09 16:22:05.030	12.92	12.65	12.61	20.80	12.77	15.10	22.48	20.68	16.76	 876	 902	1166	 992	3.080E-2	1171	1003
2024-02-09 16:22:10.031	12.91	12.67	12.60	20.79	12.94	15.41	22.52	20.67	17.03	 876	 902	1166	 992	3.070E-2	1172	1003
2024-02-09 16:22:15.031	12.95	12.66	12.59	20.99	13.13	15.70	22.47	20.69	17.33	 876	 902	1166	 992	3.080E-2	1172	1003
2024-02-09 16:22:20.031	12.97	12.66	12.58	21.13	13.35	15.99	22.48	20.70	17.55	 877	 902	1166	 992	3.080E-2	1172	1003
2024-02-09 16:22:25.031	12.95	12.68	12.58	20.95	13.50	16.28	22.50	20.70	17.93	 878	 902	1167	 991	3.080E-2	1172	1003
2024-02-09 16:22:30.033	12.96	12.65	12.59	20.80	13.64	16.53	22.50	20.69	18.25	 878	 902	1167	 991	3.080E-2	1173	1003
2024-02-09 16:22:35.034	12.94	12.64	12.60	20.72	13.78	16.79	22.53	20.69	18.46	 878	 902	1167	 992	3.080E-2	1173	1003
2024-02-09 16:22:40.034	12.94	12.65	12.61	20.61	13.95	17.08	22.54	20.69	18.56	 879	 902	1168	 992	3.080E-2	1173	1003
2024-02-09 16:22:45.034	12.93	12.64	12.63	21.02	14.13	17.33	22.54	20.70	18.82	 879	 902	1168	 993	3.070E-2	1174	1003
2024-02-09 16:22:50.034	12.92	12.66	12.64	21.26	14.36	17.59	22.53	20.74	19.06	 879	 902	1169	 993	3.070E-2	1174	1003
2024-02-09 16:22:55.034	12.92	12.71	12.61	21.44	14.61	17.86	22.50	20.71	19.26	 880	 902	1169	 993	3.060E-2	1174	1003
2024-02-09 16:23:00.035	12.90	12.72	12.61	21.62	14.78	18.06	22.53	20.73	19.51	 880	 902	1169	 993	3.090E-2	1174	1003
2024-02-09 16:23:05.036	12.92	12.71	12.62	21.57	14.97	18.25	22.54	20.72	19.79	 880	 902	1169	 992	3.090E-2	1175	1003
2024-02-09 16:23:10.036	12.96	12.71	12.64	21.19	15.16	18.49	22.53	20.68	20.05	 881	 902	1169	 992	3.080E-2	1175	1003
2024-02-09 16:23:15.036	12.97	12.73	12.69	21.07	15.33	18.69	22.55	20.71	20.18	 881	 902	1169	 990	3.080E-2	1175	1003
2024-02-09 16:23:20.036	13.00	12.78	12.74	20.82	15.52	18.88	22.55	20.70	20.36	 881	 902	1169	 991	3.080E-2	1176	1003
2024-02-09 16:23:25.036	13.01	12.87	12.76	20.85	15.72	19.11	22.53	20.68	20.45	 882	 902	1169	 991	3.090E-2	1176	1003
2024-02-09 16:23:30.037	13.07	12.90	12.77	21.48	15.92	19.28	22.51	20.73	20.62	 881	 902	1170	 991	3.080E-2	1176	1003
2024-02-09 16:23:35.038	13.11	12.93	12.80	21.38	16.07	19.45	22.52	20.73	20.66	 882	 902	1171	 992	3.090E-2	1177	1003
2024-02-09 16:23:40.037	13.16	12.96	12.82	21.75	16.28	19.65	22.49	20.70	20.96	 882	 902	1172	 991	3.080E-2	1177	1003
2024-02-09 16:23:45.038	13.23	12.97	12.87	21.66	16.44	19.83	22.51	20.67	21.09	 882	 902	1172	 991	3.090E-2	1177	1003
2024-02-09 16:23:50.038	13.26	13.02	12.94	21.45	16.60	20.00	22.54	20.66	21.07	 882	 902	1172	 991	3.080E-2	1177	1003
2024-02-09 16:23:55.039	13.28	13.07	12.95	21.51	16.80	20.19	22.53	20.63	21.12	 882	 902	1172	 992	3.070E-2	1178	1003
2024-02-09 16:24:00.039	13.28	13.08	12.98	21.32	16.93	20.32	22.51	20.65	21.26	 883	 903	1173	 993	3.080E-2	1178	1003
2024-02-09 16:24:05.039	13.26	13.11	13.03	21.36	17.06	20.45	22.52	20.70	21.42	 883	 903	1173	 993	3.080E-2	1178	1003
2024-02-09 16:24:10.039	13.24	13.14	13.08	21.38	17.18	20.54	22.53	20.67	21.49	 883	 902	1173	 993	3.080E-2	1179	1003
2024-02-09 16:24:15.041	13.23	13.15	13.14	21.58	17.29	20.63	22.55	20.68	21.54	 883	 902	1173	 993	3.090E-2	1179	1003
2024-02-09 16:24:20.040	13.21	13.19	13.19	21.65	17.44	20.76	22.53	20.64	21.58	 884	 902	1173	 993	3.090E-2	1179	1003
2024-02-09 16:24:25.041	13.23	13.19	13.21	21.44	17.57	20.84	22.51	20.67	21.68	 884	 902	1174	 992	3.080E-2	1179	1003
2024-02-09 16:24:30.041	13.25	13.17	13.21	21.30	17.67	20.95	22.49	20.68	21.74	 885	 902	1175	 992	3.070E-2	1180	1003
2024-02-09 16:24:35.041	13.27	13.21	13.23	21.10	17.79	21.02	22.46	20.72	21.76	 885	 902	1175	 991	3.090E-2	1180	1003
2024-02-09 16:24:40.041	13.30	13.22	13.31	21.05	17.85	21.11	22.49	20.75	21.86	 885	 902	1175	 992	3.080E-2	1180	1003
2024-02-09 16:24:45.041	13.37	13.29	13.35	21.06	17.95	21.21	22.50	20.73	21.89	 885	 902	1176	 992	3.090E-2	1180	1003
2024-02-09 16:24:50.041	13.41	13.43	13.42	21.05	18.07	21.34	22.48	20.73	21.91	 885	 902	1176	 992	3.090E-2	1181	1003
2024-02-09 16:24:55.042	13.48	13.49	13.52	21.12	18.15	21.42	22.49	20.73	21.95	 885	 902	1176	 992	3.090E-2	1181	1003
2024-02-09 16:25:00.044	13.58	13.58	13.54	21.29	18.26	21.48	22.48	20.72	21.98	 886	 902	1176	 992	3.090E-2	1181	1003
2024-02-09 16:25:05.043	13.59	13.62	13.55	21.28	18.35	21.56	22.50	20.73	22.07	 886	 902	1176	 992	3.090E-2	1181	1003
2024-02-09 16:25:10.044	13.63	13.58	13.56	21.37	18.42	21.60	22.51	20.73	22.13	 886	 902	1176	 992	3.070E-2	1181	1003
2024-02-09 16:25:15.043	13.64	13.57	13.55	21.26	18.48	21.70	22.57	20.75	22.13	 886	 902	1176	 992	3.080E-2	1182	1003
2024-02-09 16:25:20.044	13.63	13.57	13.53	21.38	18.54	21.78	22.58	20.70	22.12	 886	 902	1176	 992	3.080E-2	1182	1003
2024-02-09 16:25:25.045	13.66	13.58	13.53	21.51	18.62	21.87	22.56	20.71	22.11	 886	 902	1176	 991	3.070E-2	1182	1003
2024-02-09 16:25:30.045	13.65	13.62	13.54	21.46	18.69	21.92	22.55	20.70	22.14	 887	 902	1176	 992	3.090E-2	1182	1003
2024-02-09 16:25:35.044	13.69	13.65	13.53	21.43	18.79	21.95	22.51	20.69	22.19	 887	 902	1177	 992	3.090E-2	1182	1003
2024-02-09 16:25:40.045	13.71	13.70	13.56	21.25	18.86	21.98	22.54	20.74	22.18	 887	 902	1177	 993	3.070E-2	1182	1003
2024-02-09 16:25:45.045	13.74	13.74	13.58	21.24	18.94	22.00	22.55	20.70	22.19	 888	 902	1177	 993	3.070E-2	1183	1003
2024-02-09 16:25:50.045	13.80	13.81	13.61	21.12	19.04	22.02	22.55	20.72	22.20	 888	 902	1178	 993	3.090E-2	1183	1003
2024-02-09 16:25:55.045	13.83	13.88	13.67	21.40	19.08	22.05	22.56	20.68	22.20	 888	 901	1179	 993	3.090E-2	1183	1003
2024-02-09 16:26:00.045	13.91	14.01	13.79	21.28	19.11	22.09	22.57	20.72	22.20	 888	 902	1179	 992	3.080E-2	1183	1003
2024-02-09 16:26:05.045	13.99	14.16	13.90	21.35	19.17	22.14	22.56	20.70	22.22	 888	 902	1179	 993	3.090E-2	1183	1003
2024-02-09 16:26:10.047	14.11	14.31	14.07	21.61	19.17	22.17	22.57	20.68	22.23	 889	 902	1178	 993	3.090E-2	1183	1003
2024-02-09 16:26:15.046	14.22	14.49	14.27	21.40	19.24	22.23	22.58	20.69	22.20	 889	 902	1178	 993	3.080E-2	1184	1003
2024-02-09 16:26:20.048	14.35	14.56	14.39	21.24	19.33	22.26	22.52	20.68	22.22	 889	 902	1178	 993	3.080E-2	1184	1003
2024-02-09 16:26:25.048	14.46	14.60	14.55	21.13	19.39	22.25	22.52	20.70	22.23	 889	 902	1179	 993	3.090E-2	1184	1003
2024-02-09 16:26:30.047	14.53	14.63	14.67	20.93	19.45	22.29	22.52	20.71	22.21	 889	 902	1179	 993	3.090E-2	1184	1003
2024-02-09 16:26:35.048	14.62	14.64	14.76	20.88	19.50	22.33	22.49	20.73	22.23	 889	 902	1180	 993	3.080E-2	1184	1003
2024-02-09 16:26:40.048	14.67	14.67	14.86	20.99	19.53	22.34	22.50	20.70	22.25	 889	 902	1179	 992	3.080E-2	1184	1003
2024-02-09 16:26:45.048	14.73	14.73	14.98	21.06	19.53	22.35	22.52	20.70	22.24	 890	 902	1179	 991	3.090E-2	1184	1003
2024-02-09 16:26:50.048	14.82	14.78	15.05	20.95	19.56	22.39	22.48	20.67	22.24	 890	 902	1179	 992	3.090E-2	1185	1003
2024-02-09 16:26:55.048	14.84	15.03	15.14	21.00	19.59	22.36	22.52	20.67	22.26	 890	 902	1178	 992	3.080E-2	1185	1003
2024-02-09 16:27:00.050	14.88	15.20	15.18	20.95	19.62	22.38	22.53	20.66	22.25	 890	 902	1179	 993	3.090E-2	1185	1003
2024-02-09 16:27:05.049	14.93	15.35	15.20	20.69	19.66	22.40	22.50	20.64	22.21	 890	 902	1179	 993	3.090E-2	1185	1003
2024-02-09 16:27:10.049	14.96	15.45	15.25	20.77	19.71	22.39	22.54	20.67	22.21	 890	 902	1179	 992	3.080E-2	1185	1003
2024-02-09 16:27:15.050	15.04	15.35	15.25	20.70	19.72	22.41	22.53	20.68	22.20	 890	 902	1180	 992	3.070E-2	1185	1003
2024-02-09 16:27:20.051	15.11	15.33	15.28	20.82	19.77	22.44	22.52	20.67	22.22	 890	 902	1180	 991	3.080E-2	1185	1003
2024-02-09 16:27:25.050	15.18	15.29	15.29	21.05	19.80	22.45	22.56	20.69	22.21	 890	 902	1181	 991	3.090E-2	1185	1003
2024-02-09 16:27:30.051	15.22	15.33	15.27	21.10	19.84	22.46	22.54	20.69	22.21	 890	 902	1181	 991	3.090E-2	1185	1003
2024-02-09 16:27:35.051	15.23	15.45	15.28	21.27	19.87	22.47	22.53	20.68	22.20	 890	 902	1181	 991	3.090E-2	1185	1003
2024-02-09 16:27:40.051	15.27	15.54	15.32	21.40	19.91	22.46	22.54	20.70	22.19	 890	 902	1180	 991	3.090E-2	1186	1003
2024-02-09 16:27:45.051	15.33	15.69	15.37	21.26	19.94	22.45	22.52	20.71	22.19	 891	 902	1180	 993	3.070E-2	1186	1003
2024-02-09 16:27:50.051	15.39	15.89	15.43	21.25	19.97	22.44	22.52	20.71	22.22	 891	 902	1180	 992	3.080E-2	1186	1003
2024-02-09 16:27:55.052	15.49	15.98	15.51	20.99	20.02	22.45	22.53	20.70	22.19	 891	 902	1180	 992	3.090E-2	1186	1003
2024-02-09 16:28:00.051	15.55	16.05	15.53	20.70	20.06	22.47	22.51	20.67	22.14	 891	 902	1181	 992	3.080E-2	1186	1003
2024-02-09 16:28:05.051	15.61	16.07	15.58	20.77	20.10	22.48	22.53	20.70	22.15	 891	 902	1181	 991	3.090E-2	1186	1003
2024-02-09 16:28:10.053	15.62	16.10	15.61	20.74	20.12	22.49	22.52	20.64	22.16	 891	 902	1180	 992	3.090E-2	1186	1003
2024-02-09 16:28:15.052	15.67	16.09	15.61	20.90	20.15	22.48	22.52	20.65	22.19	 891	 902	1180	 992	3.090E-2	1186	1003
2024-02-09 16:28:20.052	15.66	16.10	15.63	20.96	20.17	22.50	22.53	20.67	22.19	 891	 902	1180	 992	3.090E-2	1186	1003
2024-02-09 16:28:25.053	15.62	16.05	15.60	21.05	20.17	22.51	22.53	20.64	22.18	 891	 902	1180	 992	3.090E-2	1186	1003
2024-02-09 16:28:30.053	15.61	15.88	15.55	21.08	20.19	22.49	22.54	20.70	22.17	 891	 902	1180	 992	3.090E-2	1186	1003
2024-02-09 16:28:35.054	15.55	15.72	15.51	21.02	20.22	22.51	22.54	20.70	22.18	 892	 902	1181	 992	3.090E-2	1187	1003
2024-02-09 16:28:40.054	15.54	15.60	15.45	21.07	20.25	22.54	22.52	20.71	22.15	 892	 902	1181	 992	3.090E-2	1187	1003
2024-02-09 16:28:45.054	15.51	15.56	15.41	20.96	20.30	22.50	22.51	20.73	22.13	 892	 902	1181	 993	3.090E-2	1187	1003
2024-02-09 16:28:50.055	15.51	15.57	15.41	20.81	20.34	22.52	22.51	20.72	22.15	 892	 902	1181	 992	3.090E-2	1187	1003
2024-02-09 16:28:55.054	15.54	15.60	15.42	20.80	20.32	22.49	22.51	20.75	22.14	 892	 902	1181	 991	3.090E-2	1187	1003
2024-02-09 16:29:00.054	15.57	15.63	15.44	20.75	20.35	22.47	22.52	20.75	22.14	 892	 902	1182	 991	3.090E-2	1187	1003
2024-02-09 16:29:05.055	15.63	15.63	15.49	20.72	20.34	22.52	22.51	20.72	22.13	 892	 902	1182	 991	3.080E-2	1187	1003
2024-02-09 16:29:10.054	15.66	15.64	15.51	20.94	20.36	22.54	22.49	20.73	22.13	 892	 902	1182	 991	3.090E-2	1187	1003
2024-02-09 16:29:15.054	15.70	15.70	15.57	20.82	20.38	22.57	22.49	20.70	22.12	 892	 902	1182	 992	3.090E-2	1187	1003
2024-02-09 16:29:20.055	15.77	15.78	15.63	20.89	20.40	22.55	22.48	20.70	22.10	 892	 902	1182	 991	3.090E-2	1187	1003
2024-02-09 16:29:25.055	15.82	15.89	15.67	20.93	20.44	22.53	22.49	20.68	22.11	 892	 902	1181	 992	3.090E-2	1187	1003
2024-02-09 16:29:30.055	15.89	15.94	15.72	20.99	20.44	22.50	22.52	20.65	22.11	 892	 902	1181	 992	3.070E-2	1187	1003
2024-02-09 16:29:35.055	15.94	15.93	15.74	21.32	20.47	22.49	22.52	20.67	22.12	 892	 902	1181	 993	3.070E-2	1187	1003
2024-02-09 16:29:40.055	15.94	15.94	15.75	21.30	20.48	22.50	22.55	20.63	22.11	 892	 902	1182	 993	3.090E-2	1187	1003
2024-02-09 16:29:45.056	15.95	15.94	15.81	21.33	20.50	22.52	22.56	20.68	22.10	 893	 903	1182	 992	3.090E-2	1187	1003
2024-02-09 16:29:50.055	15.99	15.98	15.80	21.18	20.52	22.54	22.53	20.69	22.10	 892	 902	1182	 992	3.090E-2	1188	1003
2024-02-09 16:29:55.055	16.01	16.03	15.82	21.02	20.53	22.56	22.52	20.68	22.11	 892	 902	1182	 992	3.080E-2	1188	1003
2024-02-09 16:30:00.057	16.05	16.35	15.89	21.15	20.53	22.58	22.51	20.72	22.10	 892	 902	1182	 992	3.090E-2	1188	1003
2024-02-09 16:30:05.056	16.11	16.74	16.06	21.17	20.54	22.58	22.53	20.68	22.09	 892	 902	1181	 993	3.090E-2	1188	1003
2024-02-09 16:30:10.056	16.13	16.98	16.34	21.23	20.55	22.57	22.53	20.67	22.08	 892	 902	1182	 993	3.090E-2	1188	1003
2024-02-09 16:30:15.058	16.20	17.20	16.57	21.38	20.59	22.55	22.56	20.69	22.07	 892	 903	1181	 993	3.090E-2	1188	1003
2024-02-09 16:30:20.058	16.31	17.14	16.78	21.32	20.60	22.53	22.57	20.71	22.08	 892	 903	1182	 993	3.090E-2	1188	1003
2024-02-09 16:30:25.059	16.39	17.00	16.81	21.53	20.60	22.51	22.55	20.72	22.10	 893	 902	1183	 993	3.090E-2	1188	1003
2024-02-09 16:30:30.059	16.40	16.97	16.80	21.51	20.65	22.52	22.54	20.76	22.08	 893	 902	1182	 993	3.090E-2	1188	1003
2024-02-09 16:30:35.059	16.36	16.93	16.76	21.50	20.67	22.50	22.51	20.74	22.06	 893	 902	1183	 993	3.090E-2	1188	1003
2024-02-09 16:30:40.059	16.27	16.83	16.68	21.52	20.70	22.49	22.50	20.75	22.05	 893	 902	1183	 992	3.090E-2	1188	1003
2024-02-09 16:30:45.061	16.20	16.74	16.66	21.22	20.73	22.50	22.53	20.79	22.07	 893	 902	1182	 993	3.090E-2	1188	1003
2024-02-09 16:30:50.060	16.17	16.66	16.60	21.20	20.76	22.50	22.55	20.80	22.07	 893	 902	1182	 993	3.090E-2	1188	1003
2024-02-09 16:30:55.060	16.17	16.63	16.59	21.15	20.77	22.50	22.59	20.78	22.08	 892	 902	1182	 993	3.090E-2	1188	1003
2024-02-09 16:31:00.061	16.18	16.65	16.60	21.02	20.81	22.52	22.61	20.71	22.07	 893	 902	1183	 994	3.090E-2	1188	1003
2024-02-09 16:31:05.061	16.20	16.68	16.63	21.36	20.82	22.52	22.59	20.69	22.08	 893	 902	1183	 993	3.090E-2	1188	1003
2024-02-09 16:31:10.060	16.23	16.69	16.66	21.49	20.83	22.54	22.58	20.69	22.05	 893	 902	1183	 993	3.090E-2	1188	1003
2024-02-09 16:31:15.061	16.24	16.69	16.69	21.44	20.83	22.55	22.56	20.70	22.06	 893	 902	1183	 992	3.080E-2	1188	1003
2024-02-09 16:31:20.061	16.28	16.70	16.71	21.57	20.82	22.54	22.56	20.73	22.07	 893	 902	1183	 992	3.090E-2	1188	1003
2024-02-09 16:31:25.060	16.31	16.72	16.72	21.41	20.82	22.57	22.57	20.72	22.05	 893	 902	1183	 993	3.090E-2	1188	1003
2024-02-09 16:31:30.061	16.34	16.80	16.77	21.43	20.83	22.57	22.58	20.71	22.05	 893	 902	1183	 993	3.090E-2	1189	1003
2024-02-09 16:31:35.061	16.41	16.86	16.81	21.49	20.82	22.57	22.57	20.72	22.05	 893	 902	1183	 993	3.090E-2	1189	1003
2024-02-09 16:31:40.061	16.43	16.90	16.84	21.56	20.81	22.59	22.57	20.75	22.03	 893	 902	1183	 993	3.090E-2	1189	1003
2024-02-09 16:31:45.063	16.46	16.95	16.83	21.59	20.89	22.57	22.56	20.76	22.04	 893	 903	1184	 993	3.090E-2	1189	1003
2024-02-09 16:31:50.063	16.50	16.95	16.81	21.53	20.91	22.55	22.56	20.77	22.05	 893	 903	1183	 993	3.090E-2	1189	1003
2024-02-09 16:31:55.062	16.51	16.91	16.80	21.58	20.98	22.53	22.57	20.75	22.04	 893	 902	1184	 992	3.090E-2	1189	1003
2024-02-09 16:32:00.064	16.55	16.88	16.77	21.52	21.03	22.53	22.53	20.73	22.05	 893	 902	1184	 992	3.080E-2	1189	1003
2024-02-09 16:32:05.064	16.56	16.86	16.78	21.65	21.02	22.52	22.55	20.71	22.03	 893	 902	1184	 992	3.070E-2	1189	1003
2024-02-09 16:32:10.063	16.55	16.88	16.77	21.61	21.02	22.53	22.54	20.69	22.02	 893	 902	1184	 991	3.090E-2	1189	1003
2024-02-09 16:32:15.064	16.56	16.89	16.76	21.34	21.00	22.54	22.54	20.70	22.03	 893	 903	1184	 991	3.090E-2	1189	1003
2024-02-09 16:32:20.064	16.57	16.89	16.75	21.40	20.99	22.52	22.60	20.72	22.03	 893	 903	1184	 991	3.090E-2	1189	1003
2024-02-09 16:32:25.064	16.61	16.89	16.67	21.09	21.00	22.51	22.58	20.71	22.05	 894	 903	1183	 992	3.090E-2	1189	1003
2024-02-09 16:32:30.064	16.64	16.88	16.65	21.12	21.01	22.52	22.57	20.73	22.05	 894	 902	1184	 992	3.090E-2	1189	1003
2024-02-09 16:32:35.064	16.65	16.90	16.64	21.29	21.04	22.50	22.57	20.74	22.05	 894	 902	1183	 992	3.090E-2	1189	1003
2024-02-09 16:32:40.064	16.70	16.91	16.68	21.32	21.06	22.54	22.57	20.72	22.05	 894	 902	1183	 993	3.090E-2	1189	1003
2024-02-09 16:32:45.064	16.72	16.90	16.73	21.51	21.08	22.54	22.56	20.72	22.05	 893	 903	1184	 991	3.090E-2	1189	1003
2024-02-09 16:32:50.064	16.75	16.96	16.78	21.56	21.10	22.54	22.59	20.73	22.05	 893	 903	1183	 991	3.080E-2	1189	1003
2024-02-09 16:32:55.064	16.81	17.03	16.82	21.58	21.11	22.56	22.53	20.71	22.06	 894	 903	1184	 991	3.090E-2	1189	1003
2024-02-09 16:33:00.065	16.81	17.12	16.83	21.67	21.15	22.53	22.50	20.71	22.04	 894	 903	1184	 991	3.090E-2	1189	1003
2024-02-09 16:33:05.064	16.85	17.19	16.86	21.53	21.18	22.53	22.52	20.75	22.02	 894	 903	1184	 991	3.090E-2	1189	1003
2024-02-09 16:33:10.065	16.90	17.18	16.84	21.66	21.17	22.52	22.51	20.72	22.02	 894	 903	1184	 991	3.100E-2	1189	1003
2024-02-09 16:33:15.065	16.91	17.17	16.84	21.82	21.21	22.51	22.56	20.73	22.03	 894	 903	1184	 991	3.100E-2	1189	1003
2024-02-09 16:33:20.065	16.94	17.12	16.83	21.67	21.22	22.51	22.57	20.74	22.04	 894	 903	1185	 990	3.090E-2	1190	1003
2024-02-09 16:33:25.065	16.93	17.13	16.87	21.89	21.23	22.54	22.56	20.70	22.04	 894	 902	1185	 991	3.090E-2	1190	1003
2024-02-09 16:33:30.065	16.91	17.12	16.90	21.69	21.26	22.56	22.56	20.72	22.03	 894	 902	1185	 992	3.090E-2	1190	1003
2024-02-09 16:33:35.065	16.94	17.15	16.93	21.63	21.24	22.59	22.57	20.71	22.02	 894	 902	1185	 991	3.090E-2	1190	1003
2024-02-09 16:33:40.065	16.95	17.20	16.93	21.51	21.25	22.61	22.56	20.70	22.03	 895	 902	1184	 992	3.090E-2	1190	1003
2024-02-09 16:33:45.066	16.98	17.23	16.94	21.55	21.24	22.59	22.57	20.74	22.03	 895	 902	1184	 992	3.090E-2	1190	1003
2024-02-09 16:33:50.067	17.02	17.29	16.96	21.44	21.26	22.58	22.58	20.73	22.02	 895	 902	1184	 993	3.080E-2	1190	1003
2024-02-09 16:33:55.066	17.04	17.32	16.99	21.52	21.26	22.58	22.56	20.74	22.00	 895	 902	1184	 994	3.090E-2	1190	1003
2024-02-09 16:34:00.067	17.04	17.36	17.03	21.69	21.26	22.56	22.61	20.71	22.03	 895	 902	1185	 994	3.090E-2	1190	1003
2024-02-09 16:34:05.067	17.09	17.37	17.04	21.72	21.30	22.56	22.57	20.69	22.02	 895	 902	1185	 994	3.090E-2	1190	1003
2024-02-09 16:34:10.067	17.09	17.37	17.05	21.78	21.31	22.53	22.58	20.68	22.02	 895	 902	1185	 993	3.100E-2	1190	1003
2024-02-09 16:34:15.066	17.13	17.40	17.06	21.67	21.35	22.52	22.61	20.70	22.05	 895	 902	1184	 994	3.100E-2	1190	1003
2024-02-09 16:34:20.067	17.17	17.45	17.07	21.60	21.41	22.50	22.58	20.69	22.05	 894	 902	1183	 994	3.090E-2	1190	1003
2024-02-09 16:34:25.069	17.18	17.49	17.11	21.46	21.42	22.54	22.58	20.69	22.05	 894	 902	1183	 994	3.090E-2	1190	1003
2024-02-09 16:34:30.068	17.20	17.54	17.11	21.59	21.45	22.59	22.57	20.68	22.04	 895	 902	1183	 994	3.100E-2	1190	1003
2024-02-09 16:34:35.068	17.22	17.57	17.15	21.52	21.46	22.57	22.55	20.70	22.02	 895	 903	1183	 993	3.090E-2	1190	1003
2024-02-09 16:34:40.070	17.28	17.53	17.20	21.45	21.42	22.61	22.56	20.74	22.02	 895	 902	1184	 993	3.090E-2	1190	1003
2024-02-09 16:34:45.069	17.34	17.56	17.20	21.43	21.45	22.59	22.56	20.75	22.02	 895	 902	1185	 992	3.100E-2	1190	1003
2024-02-09 16:34:50.069	17.38	17.55	17.26	21.49	21.44	22.54	22.57	20.78	22.03	 895	 902	1185	 992	3.090E-2	1190	1003
2024-02-09 16:34:55.070	17.37	17.56	17.27	21.48	21.44	22.59	22.56	20.72	22.03	 895	 902	1185	 991	3.090E-2	1190	1003
2024-02-09 16:35:00.070	17.41	17.55	17.26	21.54	21.46	22.59	22.52	20.70	22.02	 895	 903	1186	 992	3.080E-2	1190	1003
2024-02-09 16:35:05.071	17.42	17.55	17.30	21.60	21.44	22.59	22.56	20.73	22.02	 894	 903	1186	 992	3.090E-2	1190	1003
2024-02-09 16:35:10.071	17.44	17.58	17.30	21.50	21.47	22.58	22.59	20.74	22.03	 894	 903	1185	 992	3.090E-2	1190	1003
2024-02-09 16:35:15.072	17.50	17.58	17.27	21.49	21.50	22.55	22.56	20.73	22.04	 895	 903	1185	 993	3.090E-2	1190	1003
2024-02-09 16:35:20.072	17.53	17.61	17.30	21.38	21.53	22.55	22.59	20.74	22.03	 895	 903	1185	 992	3.090E-2	1190	1003
2024-02-09 16:35:25.072	17.53	17.64	17.30	21.24	21.54	22.56	22.59	20.68	22.03	 895	 903	1185	 993	3.090E-2	1190	1003
2024-02-09 16:35:30.072	17.54	17.67	17.34	21.02	21.52	22.56	22.57	20.64	22.05	 895	 903	1184	 993	3.090E-2	1191	1003
2024-02-09 16:35:35.074	17.55	17.73	17.40	21.08	21.56	22.55	22.59	20.67	22.04	 895	 903	1184	 993	3.100E-2	1191	1003
2024-02-09 16:35:40.073	17.53	17.80	17.42	20.98	21.54	22.53	22.61	20.65	22.05	 895	 902	1183	 994	3.100E-2	1191	1003
2024-02-09 16:35:45.074	17.57	17.84	17.45	21.03	21.59	22.51	22.60	20.67	22.05	 895	 902	1184	 993	3.090E-2	1191	1003
2024-02-09 16:35:50.075	17.63	17.84	17.47	21.07	21.58	22.54	22.59	20.72	22.02	 895	 902	1185	 993	3.090E-2	1191	1003
2024-02-09 16:35:55.075	17.67	17.83	17.52	21.13	21.57	22.58	22.59	20.70	22.02	 896	 902	1185	 992	3.090E-2	1191	1003
2024-02-09 16:36:00.077	17.74	17.81	17.56	21.36	21.57	22.59	22.60	20.75	22.02	 895	 902	1185	 992	3.090E-2	1191	1003
2024-02-09 16:36:05.077	17.75	17.82	17.60	21.39	21.55	22.58	22.64	20.77	22.03	 896	 902	1185	 992	3.090E-2	1191	1003
2024-02-09 16:36:10.077	17.77	17.86	17.62	21.53	21.58	22.56	22.62	20.75	22.04	 896	 902	1185	 991	3.090E-2	1191	1003
2024-02-09 16:36:15.078	17.76	17.88	17.62	21.52	21.55	22.52	22.64	20.76	22.03	 895	 902	1185	 992	3.100E-2	1191	1003
2024-02-09 16:36:20.078	17.74	17.95	17.63	21.19	21.57	22.53	22.61	20.73	22.03	 896	 902	1186	 992	3.090E-2	1191	1003
2024-02-09 16:36:25.078	17.78	17.95	17.64	20.95	21.59	22.57	22.57	20.68	22.03	 895	 903	1186	 991	3.100E-2	1191	1003
2024-02-09 16:36:30.079	17.80	17.95	17.64	20.80	21.60	22.56	22.56	20.66	22.03	 895	 903	1186	 991	3.100E-2	1191	1003
2024-02-09 16:36:35.078	17.85	17.98	17.67	20.72	21.63	22.57	22.57	20.65	22.03	 895	 903	1186	 992	3.100E-2	1191	1003
2024-02-09 16:36:40.079	17.91	17.91	17.69	20.95	21.62	22.54	22.58	20.70	22.04	 895	 903	1185	 992	3.080E-2	1191	1003
2024-02-09 16:36:45.078	17.95	17.95	17.69	21.18	21.64	22.49	22.62	20.75	22.02	 895	 903	1185	 992	3.090E-2	1191	1003
2024-02-09 16:36:50.078	17.93	18.00	17.72	21.24	21.63	22.51	22.62	20.74	22.02	 895	 902	1185	 993	3.100E-2	1191	1003
2024-02-09 16:36:55.079	17.95	18.03	17.76	21.11	21.65	22.54	22.61	20.73	22.02	 895	 902	1185	 993	3.090E-2	1191	1003
2024-02-09 16:37:00.085	17.93	18.05	17.75	21.17	21.67	22.55	22.63	20.67	22.03	 895	 903	1186	 993	3.090E-2	1191	1003
2024-02-09 16:37:05.085	17.93	18.06	17.72	21.03	21.69	22.56	22.58	20.67	22.03	 895	 903	1186	 993	3.090E-2	1191	1003
2024-02-09 16:37:10.086	17.97	18.04	17.67	21.09	21.72	22.55	22.56	20.71	22.01	 895	 902	1186	 992	3.090E-2	1191	1003
2024-02-09 16:37:15.086	17.98	18.03	17.61	21.20	21.73	22.53	22.59	20.73	22.03	 895	 902	1185	 991	3.090E-2	1191	1003
2024-02-09 16:37:20.086	17.96	18.03	17.61	21.24	21.70	22.53	22.59	20.76	22.04	 895	 902	1185	 990	3.100E-2	1191	1003
2024-02-09 16:37:25.086	17.94	18.03	17.60	21.21	21.70	22.53	22.62	20.74	22.04	 895	 902	1186	 990	3.090E-2	1191	1003
2024-02-09 16:37:30.086	17.94	18.00	17.60	20.99	21.71	22.55	22.62	20.73	22.02	 895	 902	1186	 990	3.100E-2	1191	1003
2024-02-09 16:37:35.088	17.93	17.98	17.61	20.93	21.72	22.54	22.60	20.74	22.01	 895	 902	1186	 992	3.100E-2	1191	1003
2024-02-09 16:37:40.087	17.97	18.00	17.60	20.76	21.78	22.54	22.56	20.72	22.01	 895	 902	1186	 993	3.100E-2	1191	1003
2024-02-09 16:37:45.087	17.98	18.00	17.64	20.80	21.76	22.56	22.55	20.73	22.01	 896	 902	1185	 992	3.100E-2	1191	1003
2024-02-09 16:37:50.088	18.00	18.05	17.62	20.71	21.77	22.54	22.57	20.77	22.01	 896	 902	1185	 991	3.090E-2	1191	1003
2024-02-09 16:37:55.088	18.01	18.09	17.61	20.69	21.78	22.53	22.59	20.76	22.03	 896	 902	1185	 991	3.100E-2	1191	1003
2024-02-09 16:38:00.088	18.00	18.09	17.63	20.56	21.75	22.53	22.62	20.77	22.04	 896	 902	1185	 991	3.090E-2	1192	1003
2024-02-09 16:38:05.089	18.02	18.11	17.60	20.61	21.77	22.53	22.61	20.78	22.04	 897	 902	1186	 992	3.090E-2	1192	1003
2024-02-09 16:38:10.090	18.05	18.09	17.62	20.83	21.77	22.54	22.57	20.69	22.02	 896	 902	1186	 993	3.100E-2	1192	1003
2024-02-09 16:38:15.090	18.06	18.09	17.65	20.89	21.77	22.58	22.54	20.70	22.01	 896	 902	1186	 993	3.090E-2	1192	1003
2024-02-09 16:38:20.090	18.05	18.13	17.68	20.98	21.77	22.59	22.56	20.69	22.02	 896	 902	1185	 991	3.100E-2	1192	1003
2024-02-09 16:38:25.090	18.08	18.12	17.70	21.01	21.79	22.56	22.57	20.67	22.02	 896	 902	1185	 992	3.100E-2	1192	1003
2024-02-09 16:38:30.091	18.07	18.19	17.75	20.95	21.80	22.58	22.62	20.71	22.03	 896	 902	1184	 992	3.090E-2	1192	1003
2024-02-09 16:38:35.090	18.11	18.21	17.73	21.02	21.85	22.56	22.61	20.68	22.03	 896	 902	1185	 992	3.090E-2	1192	1003
2024-02-09 16:38:40.090	18.13	18.21	17.72	21.21	21.86	22.55	22.57	20.65	22.02	 896	 902	1185	 992	3.100E-2	1192	1003
2024-02-09 16:38:45.092	18.15	18.21	17.73	21.08	21.87	22.58	22.54	20.66	22.02	 896	 902	1185	 992	3.100E-2	1192	1003
2024-02-09 16:38:50.092	18.18	18.18	17.72	21.31	21.84	22.58	22.55	20.62	22.02	 896	 902	1185	 992	3.090E-2	1192	1003
2024-02-09 16:38:55.092	18.17	18.19	17.77	21.33	21.81	22.61	22.57	20.64	22.03	 896	 902	1185	 992	3.100E-2	1192	1003
2024-02-09 16:39:00.092	18.20	18.21	17.78	21.23	21.80	22.59	22.62	20.67	22.02	 896	 902	1186	 992	3.100E-2	1192	1003
2024-02-09 16:39:05.091	18.21	18.24	17.81	21.42	21.81	22.59	22.62	20.65	22.01	 896	 902	1186	 992	3.090E-2	1192	1003
2024-02-09 16:39:10.092	18.23	18.26	17.84	21.15	21.83	22.60	22.59	20.70	22.02	 896	 902	1187	 992	3.090E-2	1192	1003
2024-02-09 16:39:15.092	18.24	18.28	17.83	21.10	21.85	22.58	22.56	20.71	22.02	 897	 902	1188	 992	3.090E-2	1192	1003
2024-02-09 16:39:20.093	18.26	18.30	17.83	21.10	21.90	22.59	22.52	20.72	22.03	 897	 902	1188	 992	3.100E-2	1192	1003
2024-02-09 16:39:25.093	18.28	18.31	17.83	20.93	21.89	22.60	22.53	20.76	22.01	 897	 902	1187	 992	3.100E-2	1192	1003
2024-02-09 16:39:30.093	18.29	18.34	17.84	21.01	21.90	22.61	22.53	20.73	21.99	 896	 902	1186	 992	3.090E-2	1192	1003
2024-02-09 16:39:35.094	18.29	18.36	17.88	20.77	21.89	22.61	22.55	20.74	22.02	 896	 902	1186	 991	3.100E-2	1192	1003
2024-02-09 16:39:40.094	18.30	18.37	17.91	20.94	21.87	22.60	22.58	20.70	22.03	 896	 902	1186	 992	3.090E-2	1192	1003
2024-02-09 16:39:45.094	18.31	18.39	17.94	20.95	21.87	22.58	22.58	20.68	22.01	 896	 902	1186	 993	3.100E-2	1192	1003
2024-02-09 16:39:50.094	18.31	18.40	17.93	20.98	21.86	22.56	22.56	20.65	22.00	 896	 902	1186	 992	3.090E-2	1192	1003
2024-02-09 16:39:55.094	18.37	18.43	17.95	21.23	21.85	22.54	22.58	20.67	22.00	 896	 902	1186	 993	3.090E-2	1192	1003
2024-02-09 16:40:00.093	18.42	18.44	17.96	21.01	21.87	22.54	22.55	20.70	22.01	 896	 902	1186	 992	3.080E-2	1192	1003
2024-02-09 16:40:05.095	18.45	18.43	17.99	21.07	21.87	22.58	22.56	20.70	22.01	 896	 902	1186	 991	3.090E-2	1192	1003
2024-02-09 16:40:10.095	18.47	18.45	18.02	20.89	21.87	22.56	22.56	20.73	22.01	 896	 902	1186	 991	3.100E-2	1192	1003
2024-02-09 16:40:15.095	18.48	18.46	18.02	20.83	21.90	22.58	22.54	20.72	22.02	 897	 902	1187	 990	3.100E-2	1192	1003
2024-02-09 16:40:20.095	18.45	18.48	18.04	21.03	21.89	22.59	22.57	20.68	22.01	 897	 902	1187	 991	3.100E-2	1192	1003
2024-02-09 16:40:25.095	18.47	18.51	18.04	21.03	21.91	22.56	22.56	20.69	22.01	 897	 902	1187	 991	3.090E-2	1192	1003
2024-02-09 16:40:30.097	18.47	18.50	18.06	21.16	21.94	22.58	22.54	20.69	22.01	 897	 902	1187	 991	3.100E-2	1192	1003
2024-02-09 16:40:35.097	18.45	18.51	18.10	20.96	21.91	22.57	22.56	20.68	22.01	 897	 902	1187	 992	3.100E-2	1192	1003
2024-02-09 16:40:40.097	18.48	18.52	18.11	20.74	21.91	22.55	22.59	20.69	22.02	 897	 902	1186	 990	3.100E-2	1193	1003
2024-02-09 16:40:45.097	18.48	18.53	18.12	20.76	21.92	22.55	22.59	20.67	22.00	 897	 902	1187	 992	3.090E-2	1193	1003
2024-02-09 16:40:50.099	18.51	18.57	18.14	20.76	21.90	22.56	22.61	20.68	22.00	 897	 902	1187	 991	3.100E-2	1193	1003
2024-02-09 16:40:55.099	18.53	18.59	18.15	20.92	21.91	22.60	22.61	20.68	22.00	 896	 902	1187	 992	3.090E-2	1193	1003
2024-02-09 16:41:00.099	18.53	18.62	18.17	21.06	21.93	22.63	22.57	20.69	22.00	 896	 902	1187	 992	3.100E-2	1193	1003
2024-02-09 16:41:05.099	18.53	18.65	18.21	20.98	21.93	22.65	22.57	20.70	22.02	 896	 902	1186	 992	3.100E-2	1193	1003
2024-02-09 16:41:10.099	18.54	18.63	18.21	20.98	21.95	22.63	22.58	20.69	22.03	 897	 903	1186	 993	3.090E-2	1193	1003
2024-02-09 16:41:15.099	18.55	18.66	18.24	21.12	21.98	22.58	22.57	20.72	22.02	 897	 902	1187	 992	3.080E-2	1193	1003
2024-02-09 16:41:20.099	18.57	18.69	18.24	20.88	22.02	22.56	22.58	20.73	22.02	 897	 902	1187	 992	3.100E-2	1193	1003
2024-02-09 16:41:25.099	18.57	18.71	18.23	20.81	22.05	22.51	22.58	20.74	22.01	 897	 902	1187	 992	3.090E-2	1193	1003
2024-02-09 16:41:30.100	18.59	18.72	18.26	20.82	22.04	22.52	22.58	20.73	22.01	 896	 902	1187	 991	3.090E-2	1193	1003
2024-02-09 16:41:35.099	18.64	18.76	18.24	20.66	22.04	22.51	22.57	20.70	22.00	 896	 854	1187	 991	3.090E-2	1193	1003
2024-02-09 16:41:40.100	18.66	18.73	18.22	20.91	22.01	22.49	22.54	20.67	22.01	 896	 805	1187	 992	3.090E-2	1193	1003
2024-02-09 16:41:45.099	18.68	18.70	18.24	21.02	21.98	22.53	22.55	20.65	22.01	 896	 755	1186	 993	3.100E-2	1193	1003
2024-02-09 16:41:50.099	18.69	18.73	18.23	21.10	22.00	22.54	22.54	20.68	22.02	 897	 706	1186	 993	3.100E-2	1193	1003
2024-02-09 16:41:55.100	18.70	18.73	18.25	21.29	22.00	22.58	22.54	20.68	22.02	 897	 705	1185	 993	3.090E-2	1193	1003
2024-02-09 16:42:00.100	18.71	18.78	18.28	21.28	22.01	22.61	22.57	20.69	22.02	 897	 705	1186	 993	3.090E-2	1193	1003
2024-02-09 16:42:05.099	18.72	18.83	18.28	21.21	22.03	22.61	22.59	20.67	22.03	 897	 705	1186	 993	3.100E-2	1193	1003
2024-02-09 16:42:10.100	18.72	18.86	18.30	21.15	22.04	22.61	22.61	20.62	22.03	 897	 705	1187	 992	3.100E-2	1193	1003
2024-02-09 16:42:15.100	18.74	18.88	18.30	21.05	22.05	22.60	22.63	20.65	22.02	 897	 705	1186	 993	3.100E-2	1193	1003
2024-02-09 16:42:20.102	18.77	18.87	18.34	21.16	22.06	22.62	22.59	20.67	22.01	 897	 705	1186	 992	3.090E-2	1193	1003
2024-02-09 16:42:25.101	18.82	18.85	18.34	21.08	22.07	22.59	22.59	20.76	22.00	 897	 705	1187	 991	3.100E-2	1193	1003
2024-02-09 16:42:30.101	18.82	18.86	18.36	21.10	22.06	22.60	22.58	20.76	22.01	 897	 705	1187	 991	3.100E-2	1193	1003
2024-02-09 16:42:35.102	18.84	18.84	18.37	21.26	22.05	22.59	22.56	20.74	22.01	 897	 705	1187	 990	3.100E-2	1193	1003
2024-02-09 16:42:40.102	18.84	18.89	18.38	21.18	22.05	22.57	22.59	20.72	22.03	 897	 705	1188	 991	3.100E-2	1193	1003
2024-02-09 16:42:45.101	18.83	18.88	18.41	21.49	22.04	22.58	22.60	20.68	22.03	 897	 705	1187	 992	3.100E-2	1193	1003
2024-02-09 16:42:50.101	18.85	18.85	18.42	21.70	22.05	22.58	22.58	20.69	22.03	 898	 705	1188	 992	3.100E-2	1193	1003
2024-02-09 16:42:55.102	18.86	18.89	18.46	21.85	22.07	22.59	22.62	20.71	22.01	 898	 705	1188	 992	3.100E-2	1193	1003
2024-02-09 16:43:00.102	18.85	18.89	18.44	21.77	22.04	22.60	22.63	20.70	22.01	 897	 705	1187	 992	3.100E-2	1193	1003
2024-02-09 16:43:05.102	18.86	18.93	18.45	21.68	22.05	22.60	22.61	20.68	22.01	 897	 705	1187	 992	3.090E-2	1193	1003
2024-02-09 16:43:10.102	18.92	18.97	18.44	21.51	22.08	22.61	22.56	20.69	22.02	 897	 705	1187	 992	3.100E-2	1193	1003
2024-02-09 16:43:15.102	18.94	18.97	18.48	21.26	22.07	22.61	22.55	20.69	22.02	 897	 705	1187	 992	3.100E-2	1193	1003
2024-02-09 16:43:20.103	18.94	18.93	18.51	21.17	22.08	22.60	22.53	20.70	22.02	 897	 705	1187	 993	3.100E-2	1193	1003
2024-02-09 16:43:25.102	18.96	18.97	18.53	21.23	22.08	22.61	22.53	20.72	22.01	 897	 705	1187	 993	3.100E-2	1193	1003
2024-02-09 16:43:30.102	18.96	19.00	18.54	21.13	22.07	22.58	22.57	20.72	22.02	 897	 705	1187	 993	3.100E-2	1193	1003
2024-02-09 16:43:35.103	18.98	19.03	18.54	21.16	22.07	22.59	22.57	20.70	22.02	 897	 705	1187	 992	3.100E-2	1193	1003
2024-02-09 16:43:40.104	18.99	19.06	18.52	21.24	22.10	22.60	22.54	20.72	22.01	 897	 705	1188	 992	3.100E-2	1193	1003
2024-02-09 16:43:45.103	19.02	19.06	18.54	21.31	22.11	22.58	22.56	20.70	22.00	 897	 705	1188	 993	3.100E-2	1193	1003
2024-02-09 16:43:50.104	19.00	19.07	18.58	21.40	22.10	22.57	22.54	20.68	22.00	 897	 705	1187	 993	3.100E-2	1193	1003
2024-02-09 16:43:55.105	19.01	19.07	18.59	21.43	22.10	22.57	22.52	20.70	21.99	 897	 705	1187	 992	3.090E-2	1193	1003
2024-02-09 16:44:00.105	19.02	19.09	18.62	21.60	22.10	22.57	22.59	20.68	22.01	 897	 705	1187	 992	3.100E-2	1194	1003
2024-02-09 16:44:05.105	19.05	19.09	18.64	21.60	22.09	22.59	22.60	20.69	22.01	 898	 705	1187	 991	3.100E-2	1194	1003
2024-02-09 16:44:10.106	19.07	19.12	18.63	21.38	22.11	22.59	22.59	20.71	22.02	 898	 705	1187	 992	3.100E-2	1194	1003
2024-02-09 16:44:15.106	19.08	19.14	18.63	21.45	22.11	22.61	22.59	20.71	22.01	 897	 705	1187	 993	3.100E-2	1194	1003
2024-02-09 16:44:20.106	19.11	19.14	18.65	21.37	22.11	22.60	22.55	20.72	22.01	 897	 705	1187	 994	3.090E-2	1194	1003
2024-02-09 16:44:25.106	19.10	19.15	18.68	21.24	22.09	22.58	22.55	20.71	22.00	 897	 705	1186	 993	3.100E-2	1194	1003
2024-02-09 16:44:30.106	19.14	19.15	18.69	21.40	22.10	22.58	22.57	20.69	22.00	 897	 705	1187	 993	3.100E-2	1194	1003
2024-02-09 16:44:35.106	19.15	19.16	18.73	21.30	22.10	22.55	22.57	20.67	22.01	 898	 705	1187	 992	3.090E-2	1194	1003
2024-02-09 16:44:40.107	19.16	19.16	18.73	21.33	22.11	22.57	22.60	20.67	22.01	 898	 706	1188	 992	3.100E-2	1194	1003
2024-02-09 16:44:45.107	19.19	19.20	18.72	21.47	22.12	22.58	22.58	20.70	22.01	 897	 705	1187	 992	3.100E-2	1194	1003
2024-02-09 16:44:50.106	19.21	19.20	18.74	21.53	22.11	22.61	22.59	20.73	22.01	 897	 705	1187	 992	3.100E-2	1194	1003
2024-02-09 16:44:55.107	19.19	19.21	18.74	21.67	22.12	22.61	22.63	20.71	22.01	 897	 705	1188	 993	3.090E-2	1194	1003
2024-02-09 16:45:00.106	19.21	19.23	18.77	21.69	22.10	22.62	22.60	20.71	22.01	 897	 705	1187	 993	3.100E-2	1194	1003
2024-02-09 16:45:05.107	19.21	19.24	18.79	21.72	22.10	22.63	22.59	20.70	22.01	 897	 705	1188	 993	3.100E-2	1194	1003
2024-02-09 16:45:10.107	19.22	19.26	18.82	21.77	22.10	22.63	22.58	20.68	22.01	 897	 706	1188	 992	3.100E-2	1194	1003
2024-02-09 16:45:15.107	19.27	19.27	18.83	21.82	22.12	22.64	22.55	20.73	22.02	 897	 706	1187	 991	3.100E-2	1194	1003
2024-02-09 16:45:20.108	19.29	19.30	18.84	21.89	22.16	22.63	22.55	20.72	22.01	 897	 706	1188	 991	3.100E-2	1194	1003
2024-02-09 16:45:25.109	19.30	19.29	18.83	22.10	22.18	22.63	22.56	20.72	22.01	 898	 706	1187	 991	3.100E-2	1194	1003
2024-02-09 16:45:30.110	19.29	19.28	18.82	22.10	22.22	22.61	22.53	20.72	22.02	 898	 705	1188	 991	3.100E-2	1194	1003
2024-02-09 16:45:35.109	19.27	19.32	18.84	22.09	22.24	22.64	22.53	20.70	22.01	 898	 705	1189	 992	3.100E-2	1194	1003
2024-02-09 16:45:40.110	19.28	19.35	18.83	22.03	22.21	22.62	22.55	20.66	22.00	 898	 705	1188	 992	3.100E-2	1194	1003
2024-02-09 16:45:45.110	19.30	19.38	18.83	21.73	22.21	22.61	22.57	20.62	22.01	 897	 705	1188	 992	3.100E-2	1194	1003
2024-02-09 16:45:50.110	19.33	19.40	18.85	21.90	22.16	22.60	22.63	20.63	22.02	 898	 705	1188	 992	3.100E-2	1194	1003
2024-02-09 16:45:55.110	19.34	19.40	18.87	22.04	22.13	22.56	22.60	20.65	22.02	 897	 705	1188	 991	3.100E-2	1194	1003
2024-02-09 16:46:00.109	19.32	19.39	18.91	21.87	22.14	22.57	22.59	20.69	22.00	 898	 705	1189	 991	3.110E-2	1194	1003
2024-02-09 16:46:05.111	19.32	19.39	18.96	21.82	22.13	22.61	22.59	20.72	22.01	 898	 705	1188	 992	3.100E-2	1194	1003
2024-02-09 16:46:10.111	19.36	19.37	18.97	21.81	22.16	22.61	22.54	20.73	22.00	 897	 705	1188	 991	3.100E-2	1194	1003
2024-02-09 16:46:15.112	19.38	19.34	18.95	21.56	22.14	22.62	22.59	20.70	22.01	 897	 706	1187	 992	3.100E-2	1194	1003
2024-02-09 16:46:20.113	19.40	19.39	18.93	21.72	22.15	22.65	22.59	20.67	22.00	 897	 706	1186	 992	3.100E-2	1194	1003
2024-02-09 16:46:25.113	19.43	19.38	18.93	22.03	22.15	22.61	22.58	20.67	22.01	 898	 706	1187	 992	3.100E-2	1194	1003
2024-02-09 16:46:30.113	19.44	19.45	18.95	21.72	22.19	22.60	22.57	20.69	22.00	 898	 706	1186	 992	3.100E-2	1194	1003
2024-02-09 16:46:35.114	19.47	19.48	18.98	21.73	22.22	22.60	22.55	20.65	22.01	 898	 705	1187	 992	3.100E-2	1194	1003
2024-02-09 16:46:40.113	19.49	19.47	18.99	21.62	22.22	22.56	22.56	20.71	22.01	 898	 705	1188	 991	3.080E-2	1194	1003
2024-02-09 16:46:45.114	19.47	19.48	19.00	21.47	22.22	22.55	22.55	20.71	22.00	 898	 706	1188	 991	3.100E-2	1194	1003
2024-02-09 16:46:50.113	19.49	19.45	18.98	21.58	22.20	22.57	22.57	20.64	22.00	 898	 706	1188	 992	3.100E-2	1194	1003
2024-02-09 16:46:55.114	19.50	19.45	18.99	21.74	22.20	22.59	22.57	20.71	22.00	 898	 705	1188	 991	3.110E-2	1194	1003
2024-02-09 16:47:00.114	19.51	19.49	18.98	21.79	22.22	22.60	22.57	20.69	22.00	 898	 705	1188	 991	3.090E-2	1194	1003
2024-02-09 16:47:05.114	19.53	19.51	19.00	21.86	22.23	22.61	22.60	20.68	22.01	 898	 705	1187	 991	3.090E-2	1194	1003
2024-02-09 16:47:10.114	19.54	19.50	19.01	21.90	22.22	22.60	22.60	20.71	22.01	 898	 706	1187	 991	3.100E-2	1194	1003
2024-02-09 16:47:15.114	19.53	19.50	19.03	22.13	22.23	22.61	22.57	20.69	22.01	 898	 706	1187	 992	3.110E-2	1194	1003
2024-02-09 16:47:20.115	19.52	19.49	19.08	22.38	22.20	22.63	22.58	20.67	22.02	 898	 705	1188	 993	3.090E-2	1194	1003
2024-02-09 16:47:25.116	19.54	19.51	19.09	22.36	22.20	22.64	22.54	20.67	22.01	 898	 705	1188	 993	3.090E-2	1194	1003
2024-02-09 16:47:30.116	19.52	19.55	19.11	22.29	22.21	22.63	22.54	20.67	21.99	 898	 705	1188	 992	3.100E-2	1194	1003
2024-02-09 16:47:35.117	19.55	19.59	19.11	21.85	22.23	22.59	22.56	20.70	21.99	 898	 705	1188	 992	3.100E-2	1195	1003
2024-02-09 16:47:40.116	19.56	19.60	19.11	21.67	22.26	22.58	22.53	20.69	22.00	 898	 705	1188	 992	3.100E-2	1195	1003
2024-02-09 16:47:45.116	19.58	19.59	19.14	21.78	22.28	22.56	22.54	20.71	22.01	 898	 705	1188	 993	3.100E-2	1195	1003
2024-02-09 16:47:50.116	19.60	19.60	19.13	21.89	22.30	22.60	22.51	20.71	22.01	 898	 705	1188	 993	3.100E-2	1195	1003
2024-02-09 16:47:55.117	19.60	19.61	19.14	21.92	22.29	22.62	22.53	20.69	22.02	 898	 705	1188	 994	3.100E-2	1195	1003
2024-02-09 16:48:00.118	19.62	19.60	19.15	22.02	22.27	22.62	22.52	20.69	22.01	 899	 705	1188	 993	3.090E-2	1195	1003
2024-02-09 16:48:05.119	19.65	19.60	19.15	21.98	22.25	22.65	22.54	20.68	22.01	 898	 705	1188	 992	3.100E-2	1195	1003
2024-02-09 16:48:10.119	19.64	19.62	19.15	21.96	22.23	22.61	22.56	20.65	22.00	 899	 705	1188	 992	3.090E-2	1195	1003
2024-02-09 16:48:15.119	19.67	19.62	19.18	22.05	22.22	22.62	22.56	20.65	21.99	 898	 705	1188	 992	3.100E-2	1195	1003
2024-02-09 16:48:20.119	19.67	19.64	19.20	22.05	22.25	22.60	22.58	20.66	22.00	 898	 705	1189	 991	3.090E-2	1195	1003
2024-02-09 16:48:25.120	19.66	19.65	19.22	22.00	22.26	22.59	22.56	20.68	22.00	 898	 705	1188	 992	3.100E-2	1195	1003
2024-02-09 16:48:30.120	19.69	19.66	19.23	22.06	22.28	22.61	22.56	20.70	22.01	 898	 705	1188	 991	3.100E-2	1195	1003
2024-02-09 16:48:35.122	19.70	19.66	19.24	22.16	22.30	22.63	22.53	20.68	22.01	 899	 705	1188	 992	3.100E-2	1195	1003
2024-02-09 16:48:40.121	19.70	19.68	19.25	22.12	22.30	22.64	22.54	20.67	22.01	 898	 705	1188	 992	3.100E-2	1195	1003
2024-02-09 16:48:45.122	19.71	19.71	19.27	22.26	22.30	22.65	22.55	20.70	22.01	 898	 705	1188	 991	3.100E-2	1195	1003
2024-02-09 16:48:50.122	19.70	19.72	19.27	22.23	22.30	22.65	22.52	20.65	22.00	 898	 705	1189	 992	3.100E-2	1195	1003
2024-02-09 16:48:55.123	19.74	19.75	19.29	22.30	22.27	22.63	22.54	20.67	22.00	 898	 705	1189	 991	3.090E-2	1195	1003
2024-02-09 16:49:00.123	19.75	19.77	19.29	22.11	22.26	22.64	22.56	20.65	22.00	 898	 705	1189	 992	3.110E-2	1195	1003
2024-02-09 16:49:05.124	19.76	19.78	19.28	22.12	22.29	22.62	22.51	20.62	22.01	 898	 705	1189	 992	3.100E-2	1195	1003
2024-02-09 16:49:10.124	19.78	19.77	19.31	22.11	22.29	22.61	22.52	20.67	22.01	 898	 705	1189	 991	3.080E-2	1195	1003
2024-02-09 16:49:15.124	19.76	19.78	19.29	21.67	22.30	22.57	22.53	20.67	22.00	 898	 705	1188	 991	3.110E-2	1195	1003
2024-02-09 16:49:20.124	19.78	19.76	19.30	21.85	22.30	22.55	22.51	20.71	22.00	 899	 705	1188	 991	3.100E-2	1195	1003
2024-02-09 16:49:25.124	19.79	19.78	19.32	21.72	22.29	22.57	22.54	20.71	22.00	 899	 705	1188	 991	3.100E-2	1195	1003
2024-02-09 16:49:30.125	19.79	19.80	19.32	21.80	22.27	22.58	22.56	20.72	22.01	 899	 705	1188	 991	3.100E-2	1195	1003
2024-02-09 16:49:35.125	19.79	19.81	19.33	21.89	22.27	22.59	22.57	20.69	22.00	 899	 705	1189	 992	3.090E-2	1195	1003
2024-02-09 16:49:40.125	19.82	19.85	19.35	22.00	22.30	22.60	22.57	20.68	22.00	 899	 705	1189	 992	3.100E-2	1195	1003
2024-02-09 16:49:45.125	19.81	19.83	19.35	21.86	22.31	22.58	22.54	20.70	22.00	 899	 705	1189	 992	3.100E-2	1195	1003
2024-02-09 16:49:50.126	19.83	19.83	19.38	21.60	22.35	22.58	22.50	20.75	22.01	 899	 705	1188	 992	3.100E-2	1195	1003
2024-02-09 16:49:55.126	19.83	19.85	19.43	21.75	22.34	22.59	22.50	20.79	22.02	 899	 705	1188	 992	3.110E-2	1195	1003
2024-02-09 16:50:00.125	19.85	19.85	19.44	21.66	22.34	22.58	22.49	20.77	22.02	 898	 705	1188	 993	3.100E-2	1195	1003
2024-02-09 16:50:05.127	19.85	19.88	19.48	21.74	22.33	22.60	22.54	20.73	22.00	 899	 705	1188	 992	3.090E-2	1195	1003
2024-02-09 16:50:10.127	19.89	19.92	19.46	21.88	22.33	22.60	22.55	20.66	22.01	 899	 705	1188	 993	3.100E-2	1195	1003
2024-02-09 16:50:15.127	19.92	19.91	19.44	21.93	22.34	22.61	22.54	20.64	22.00	 898	 705	1189	 994	3.090E-2	1195	1003
2024-02-09 16:50:20.127	19.93	19.93	19.45	21.69	22.32	22.62	22.55	20.67	22.00	 898	 705	1189	 993	3.100E-2	1195	1003
2024-02-09 16:50:25.127	19.97	19.93	19.44	21.76	22.32	22.61	22.54	20.69	22.01	 898	 705	1189	 994	3.100E-2	1195	1003
2024-02-09 16:50:30.127	19.97	19.96	19.48	21.81	22.33	22.60	22.58	20.74	22.01	 898	 705	1189	 993	3.100E-2	1195	1003
2024-02-09 16:50:35.127	19.96	19.99	19.46	21.89	22.33	22.60	22.59	20.72	22.01	 898	 705	1189	 993	3.100E-2	1195	1003
2024-02-09 16:50:40.128	19.98	19.96	19.45	22.16	22.33	22.60	22.60	20.76	22.00	 898	 705	1189	 992	3.100E-2	1195	1003
2024-02-09 16:50:45.127	19.96	19.97	19.45	22.23	22.32	22.59	22.61	20.74	21.99	 899	 705	1190	 992	3.100E-2	1195	1003
2024-02-09 16:50:50.128	19.97	19.96	19.46	22.34	22.32	22.58	22.58	20.70	22.00	 899	 705	1190	 992	3.110E-2	1195	1003
2024-02-09 16:50:55.128	20.00	19.97	19.45	22.32	22.34	22.59	22.57	20.72	22.01	 899	 705	1190	 992	3.100E-2	1195	1003
2024-02-09 16:51:00.127	20.00	19.98	19.49	22.38	22.37	22.62	22.56	20.66	22.01	 899	 705	1190	 991	3.110E-2	1195	1003
2024-02-09 16:51:05.128	19.97	19.99	19.51	22.48	22.38	22.61	22.53	20.68	22.01	 899	 705	1190	 991	3.100E-2	1195	1003
2024-02-09 16:51:10.128	19.96	19.96	19.52	22.31	22.33	22.64	22.57	20.68	22.01	 899	 706	1189	 992	3.100E-2	1195	1003
2024-02-09 16:51:15.128	19.96	19.99	19.54	22.15	22.31	22.63	22.58	20.68	22.01	 899	 706	1189	 992	3.100E-2	1195	1003
2024-02-09 16:51:20.128	19.96	20.00	19.52	22.01	22.29	22.61	22.59	20.66	22.00	 899	 706	1189	 993	3.100E-2	1195	1003
2024-02-09 16:51:25.128	19.99	20.02	19.53	22.04	22.30	22.62	22.62	20.66	22.01	 899	 706	1189	 993	3.100E-2	1195	1003
2024-02-09 16:51:30.143	20.04	20.03	19.54	22.07	22.34	22.60	22.58	20.66	22.01	 899	 706	1189	 993	3.100E-2	1195	1003
2024-02-09 16:51:35.144	20.13	20.02	19.58	22.33	22.34	22.61	22.56	20.60	22.01	 899	 705	1188	 993	3.100E-2	1195	1003
2024-02-09 16:51:40.143	20.06	20.08	19.57	21.82	22.35	22.60	22.57	20.55	22.00	 899	 705	1189	 993	3.100E-2	1195	1003
2024-02-09 16:51:45.144	20.07	20.10	19.63	22.00	22.40	22.62	22.55	20.61	22.00	 899	 705	1190	 992	3.100E-2	1195	1003
2024-02-09 16:51:50.144	20.05	20.11	19.64	22.22	22.37	22.62	22.55	20.55	22.01	 899	 705	1190	 992	3.090E-2	1195	1003
2024-02-09 16:51:55.144	20.08	20.10	19.62	22.20	22.38	22.62	22.54	20.53	22.01	 899	 705	1189	 992	3.100E-2	1196	1003
2024-02-09 16:52:00.143	20.10	20.10	19.64	21.86	22.40	22.62	22.54	20.51	22.03	 899	 705	1190	 992	3.100E-2	1195	1003
2024-02-09 16:52:05.143	20.13	20.14	19.62	22.58	22.37	22.62	22.56	20.50	22.01	 898	 705	1191	 992	3.120E-2	1195	1003
2024-02-09 16:52:10.143	20.15	20.09	19.63	22.36	22.34	22.61	22.57	20.53	21.99	 899	 705	1189	 992	3.100E-2	1196	1003
2024-02-09 16:52:15.144	20.16	20.13	19.66	22.23	22.40	22.66	22.55	20.53	21.99	 899	 705	1189	 992	3.110E-2	1196	1003
2024-02-09 16:52:20.144	20.12	20.14	19.66	21.98	22.37	22.61	22.55	20.52	22.00	 899	 705	1189	 993	3.110E-2	1196	1003
2024-02-09 16:52:25.144	20.17	20.13	19.65	22.15	22.35	22.60	22.58	20.54	22.01	 899	 705	1189	 992	3.110E-2	1196	1003
2024-02-09 16:52:30.144	20.14	20.16	19.70	21.69	22.41	22.60	22.53	20.49	22.02	 899	 705	1189	 992	3.110E-2	1196	1003
2024-02-09 16:52:35.144	20.17	20.15	19.68	21.84	22.40	22.61	22.55	20.54	22.02	 899	 705	1190	 992	3.100E-2	1196	1003
2024-02-09 16:52:40.145	20.16	20.17	19.69	21.73	22.38	22.60	22.57	20.52	22.01	 899	 705	1190	 992	3.110E-2	1196	1003
2024-02-09 16:52:45.145	20.16	20.19	19.70	22.01	22.38	22.62	22.51	20.51	22.01	 899	 705	1189	 992	3.100E-2	1196	1003
2024-02-09 16:52:50.146	20.19	20.12	19.71	21.89	22.36	22.62	22.53	20.54	22.01	 898	 705	1189	 991	3.110E-2	1196	1003
2024-02-09 16:52:55.146	20.19	20.18	19.70	21.52	22.42	22.59	22.53	20.48	22.02	 899	 705	1190	 992	3.110E-2	1196	1003
2024-02-09 16:53:00.146	20.16	20.16	19.71	22.07	22.38	22.61	22.53	20.52	22.02	 899	 705	1190	 992	3.090E-2	1196	1003
2024-02-09 16:53:05.146	20.17	20.21	19.69	22.05	22.37	22.62	22.51	20.49	22.01	 899	 705	1189	 993	3.100E-2	1196	1003
2024-02-09 16:53:10.145	20.22	20.24	19.74	22.33	22.40	22.64	22.52	20.53	22.00	 899	 705	1189	 992	3.110E-2	1196	1003
2024-02-09 16:53:15.146	20.21	20.24	19.74	22.04	22.38	22.64	22.52	20.47	22.00	 899	 705	1189	 993	3.120E-2	1196	1003
2024-02-09 16:53:20.147	20.20	20.23	19.76	22.10	22.38	22.65	22.53	20.49	22.02	 899	 705	1190	 991	3.110E-2	1196	1003
2024-02-09 16:53:25.148	20.23	20.22	19.75	22.00	22.42	22.63	22.54	20.51	22.02	 899	 705	1189	 992	3.100E-2	1196	1003
2024-02-09 16:53:30.148	20.26	20.23	19.74	21.85	22.43	22.61	22.52	20.48	22.02	 899	 706	1189	 993	3.090E-2	1196	1003
2024-02-09 16:53:35.148	20.25	20.24	19.80	21.91	22.43	22.64	22.56	20.53	22.00	 899	 705	1189	 992	3.100E-2	1196	1003
2024-02-09 16:53:40.148	20.20	20.25	19.76	21.95	22.42	22.62	22.56	20.47	22.01	 899	 705	1189	 992	3.070E-2	1196	1003
2024-02-09 16:53:45.148	20.30	20.23	19.82	22.24	22.39	22.62	22.55	20.51	22.01	 899	 705	1189	 992	3.110E-2	1196	1003
2024-02-09 16:53:50.148	20.26	20.23	19.81	22.06	22.37	22.60	22.52	20.52	22.02	 899	 705	1189	 993	3.100E-2	1196	1003
2024-02-09 16:53:55.148	20.29	20.32	19.83	21.85	22.42	22.64	22.57	20.52	22.00	 899	 705	1189	 992	3.100E-2	1196	1003
2024-02-09 16:54:00.149	20.29	20.29	19.79	22.07	22.39	22.66	22.60	20.50	22.00	 899	 705	1190	 992	3.100E-2	1196	1003
2024-02-09 16:54:05.149	20.32	20.30	19.84	22.26	22.39	22.64	22.57	20.51	22.00	 900	 705	1190	 992	3.110E-2	1196	1003
2024-02-09 16:54:10.148	20.30	20.32	19.80	22.00	22.36	22.64	22.55	20.47	22.01	 899	 705	1190	 991	3.100E-2	1196	1003
2024-02-09 16:54:15.149	20.31	20.31	19.81	22.25	22.45	22.62	22.56	20.52	22.01	 899	 705	1189	 992	3.110E-2	1196	1003
2024-02-09 16:54:20.149	20.28	20.33	19.81	22.22	22.41	22.64	22.56	20.48	22.01	 899	 705	1190	 991	3.100E-2	1196	1003
2024-02-09 16:54:25.149	20.32	20.28	19.84	21.55	22.40	22.60	22.59	20.51	22.01	 899	 705	1189	 992	3.110E-2	1196	1003
2024-02-09 16:54:30.149	20.32	20.29	19.85	22.25	22.42	22.65	22.56	20.53	22.00	 899	 705	1190	 992	3.090E-2	1196	1003
2024-02-09 16:54:35.149	20.37	20.32	19.83	21.90	22.41	22.58	22.52	20.49	22.00	 899	 705	1190	 992	3.100E-2	1196	1003
2024-02-09 16:54:40.150	20.34	20.32	19.88	21.79	22.44	22.60	22.58	20.44	22.00	 899	 705	1191	 991	3.090E-2	1196	1003
2024-02-09 16:54:45.149	20.40	20.29	19.88	22.38	22.37	22.63	22.57	20.54	22.01	 899	 705	1190	 991	3.110E-2	1196	1003
2024-02-09 16:54:50.149	20.37	20.37	19.89	22.04	22.39	22.63	22.57	20.47	22.01	 899	 705	1189	 991	3.110E-2	1196	1003
2024-02-09 16:54:55.150	20.37	20.38	19.91	22.37	22.38	22.63	22.55	20.55	22.01	 900	 705	1190	 992	3.110E-2	1196	1003
2024-02-09 16:55:00.149	20.38	20.36	19.86	21.81	22.41	22.60	22.58	20.52	22.01	 899	 705	1189	 992	3.100E-2	1196	1003
2024-02-09 16:55:05.151	20.41	20.37	19.86	21.63	22.45	22.60	22.56	20.47	22.00	 900	 705	1190	 991	3.100E-2	1196	1003
2024-02-09 16:55:10.151	20.43	20.36	19.86	21.80	22.44	22.61	22.57	20.50	22.00	 900	 705	1189	 992	3.110E-2	1196	1003
2024-02-09 16:55:15.151	20.45	20.39	19.90	21.97	22.42	22.62	22.57	20.53	22.00	 900	 705	1189	 991	3.090E-2	1196	1003
2024-02-09 16:55:20.153	20.45	20.41	19.88	22.28	22.42	22.61	22.54	20.51	22.00	 900	 705	1190	 991	3.110E-2	1196	1003
2024-02-09 16:55:25.153	20.43	20.41	19.92	22.37	22.40	22.63	22.57	20.52	22.01	 899	 705	1190	 991	3.110E-2	1196	1003
2024-02-09 16:55:30.153	20.43	20.39	19.95	22.21	22.40	22.63	22.56	20.50	22.01	 899	 705	1191	 991	3.100E-2	1196	1003
2024-02-09 16:55:35.153	20.42	20.39	19.96	22.29	22.41	22.66	22.55	20.49	22.00	 899	 705	1191	 991	3.070E-2	1196	1003
2024-02-09 16:55:40.153	20.40	20.38	20.00	22.39	22.39	22.67	22.56	20.50	22.01	 900	 705	1191	 992	3.110E-2	1196	1003
2024-02-09 16:55:45.153	20.42	20.37	20.01	22.28	22.39	22.67	22.56	20.52	22.01	 900	 705	1191	 992	3.120E-2	1196	1003
2024-02-09 16:55:50.153	20.39	20.40	19.99	22.30	22.42	22.66	22.57	20.52	22.00	 900	 704	1190	 992	3.100E-2	1196	1003
2024-02-09 16:55:55.153	20.38	20.40	19.98	22.21	22.42	22.63	22.60	20.48	22.01	 899	 705	1190	 993	3.080E-2	1196	1003
2024-02-09 16:56:00.154	20.39	20.41	19.96	21.95	22.44	22.63	22.59	20.46	22.00	 899	 705	1190	 993	3.110E-2	1196	1003
2024-02-09 16:56:05.153	20.42	20.44	19.96	22.10	22.46	22.61	22.58	20.49	22.00	 899	 705	1190	 993	3.110E-2	1196	1003
2024-02-09 16:56:10.154	20.46	20.45	19.98	22.07	22.43	22.61	22.55	20.48	22.00	 899	 705	1190	 994	3.110E-2	1196	1003
2024-02-09 16:56:15.154	20.50	20.43	20.01	21.97	22.42	22.61	22.56	20.50	22.00	 899	 705	1190	 993	3.110E-2	1196	1003
2024-02-09 16:56:20.154	20.54	20.43	20.04	22.24	22.38	22.59	22.61	20.53	22.00	 900	 705	1190	 993	3.100E-2	1196	1003
2024-02-09 16:56:25.153	20.53	20.42	20.03	22.30	22.41	22.60	22.61	20.49	22.01	 899	 705	1190	 992	3.110E-2	1196	1003
2024-02-09 16:56:30.154	20.52	20.45	20.02	22.12	22.42	22.60	22.62	20.52	22.01	 900	 705	1190	 992	3.110E-2	1196	1003
2024-02-09 16:56:35.154	20.52	20.48	20.01	22.28	22.43	22.63	22.60	20.54	22.01	 900	 705	1190	 991	3.110E-2	1196	1003
2024-02-09 16:56:40.154	20.52	20.47	19.99	22.32	22.44	22.68	22.57	20.53	22.01	 899	 688	1190	 992	3.110E-2	1196	 986
2024-02-09 16:56:45.155	20.50	20.52	19.99	22.17	22.44	22.67	22.57	20.55	22.00	 899	 660	1189	 992	3.100E-2	1196	 958
2024-02-09 16:56:50.156	20.49	20.49	20.01	22.29	22.43	22.66	22.58	20.51	21.99	 899	 632	1189	 993	3.090E-2	1196	 929
2024-02-09 16:56:55.156	20.50	20.51	20.04	22.24	22.42	22.61	22.59	20.52	21.99	 899	 550	1188	 994	3.110E-2	1196	 847
2024-02-09 16:57:00.155	20.48	20.53	20.08	22.03	22.43	22.59	22.60	20.52	22.01	 899	 352	1187	 993	3.110E-2	1196	 643
2024-02-09 16:57:05.155	20.51	20.54	20.08	22.17	22.43	22.59	22.60	20.51	22.03	 900	 157	1187	 994	3.110E-2	1196	 425
2024-02-09 16:57:10.155	20.54	20.55	20.08	22.31	22.45	22.62	22.58	20.51	22.04	 900	 -37	1187	 993	3.110E-2	1196	 204
2024-02-09 16:57:15.156	20.55	20.56	20.08	22.32	22.47	22.64	22.61	20.49	22.02	 899	-177	1186	 992	3.110E-2	1196	  37
2024-02-09 16:57:20.157	20.55	20.58	20.03	22.37	22.51	22.62	22.59	20.47	22.00	 899	-185	1187	 991	3.110E-2	1196	   7
2024-02-09 16:57:25.156	20.57	20.53	20.04	22.23	22.51	22.59	22.59	20.47	22.00	 899	-186	1186	 991	3.110E-2	1196	   3
2024-02-09 16:57:30.157	20.55	20.54	20.02	22.05	22.51	22.59	22.59	20.52	22.01	 900	-186	1187	 990	3.110E-2	1196	   2
2024-02-09 16:57:35.157	20.53	20.55	20.04	21.91	22.51	22.59	22.58	20.51	22.01	 900	-186	1187	 990	3.110E-2	1196	   2
2024-02-09 16:57:40.157	20.58	20.54	20.06	21.89	22.46	22.60	22.59	20.53	22.02	 900	-186	1187	 991	3.100E-2	1196	   2
2024-02-09 16:57:45.157	20.58	20.57	20.06	21.76	22.45	22.62	22.62	20.52	22.01	 900	-186	1187	 990	3.110E-2	1197	   2
2024-02-09 16:57:50.157	20.63	20.56	20.08	21.71	22.44	22.61	22.61	20.49	21.99	 900	-186	1187	 990	3.110E-2	1197	   2
2024-02-09 16:57:55.157	20.65	20.57	20.08	21.52	22.45	22.57	22.62	20.50	21.99	 899	-186	1187	 990	3.110E-2	1197	   2
2024-02-09 16:58:00.158	20.65	20.55	20.09	21.70	22.46	22.60	22.60	20.47	22.00	 899	-186	1187	 990	3.110E-2	1197	   2
2024-02-09 16:58:05.158	20.66	20.58	20.11	21.59	22.44	22.58	22.61	20.49	22.01	 899	-186	1187	 990	3.110E-2	1197	   2
2024-02-09 16:58:10.159	20.66	20.61	20.13	21.81	22.44	22.58	22.61	20.49	22.02	 899	-186	1187	 990	3.100E-2	1197	   2
2024-02-09 16:58:15.161	20.69	20.57	20.13	22.07	22.42	22.60	22.60	20.46	22.02	 899	-186	1187	 990	3.100E-2	1197	   2
2024-02-09 16:58:20.160	20.67	20.61	20.15	22.18	22.43	22.58	22.64	20.48	22.01	 899	-186	1187	 990	3.110E-2	1197	   2
2024-02-09 16:58:25.160	20.68	20.61	20.18	22.52	22.47	22.58	22.63	20.53	22.00	 899	-186	1187	 990	3.110E-2	1197	   2
2024-02-09 16:58:30.162	20.67	20.61	20.22	22.33	22.48	22.59	22.65	20.51	21.99	 900	-186	1188	 990	3.110E-2	1197	   2
2024-02-09 16:58:35.162	20.65	20.64	20.25	22.44	22.49	22.60	22.65	20.54	22.00	 900	-186	1188	 989	3.110E-2	1197	   2
2024-02-09 16:58:40.162	20.67	20.66	20.26	22.07	22.51	22.62	22.62	20.52	22.01	 900	-186	1187	 990	3.090E-2	1197	   2
2024-02-09 16:58:45.162	20.69	20.63	20.22	21.92	22.51	22.62	22.61	20.47	22.02	 901	-186	1188	 990	3.090E-2	1197	   2
2024-02-09 16:58:50.162	20.70	20.66	20.21	22.00	22.52	22.64	22.66	20.46	22.01	 900	-186	1188	 990	3.090E-2	1197	   2
2024-02-09 16:58:55.162	20.70	20.66	20.20	21.96	22.53	22.63	22.67	20.49	22.00	 900	-186	1187	 991	3.100E-2	1197	   2
2024-02-09 16:59:00.162	20.69	20.65	20.20	22.04	22.52	22.62	22.68	20.46	22.00	 900	-186	1187	 991	3.090E-2	1197	   2
2024-02-09 16:59:05.162	20.68	20.69	20.24	22.08	22.51	22.63	22.70	20.48	22.00	 900	-186	1187	 991	3.170E-2	1197	   2
2024-02-09 16:59:10.164	20.70	20.67	20.22	21.97	22.53	22.61	22.65	20.49	22.01	 900	-186	1187	 991	2.970E-1	1197	   2
2024-02-09 16:59:15.163	20.74	20.67	20.20	21.92	22.50	22.60	22.64	20.49	22.02	 901	-186	1187	 990	6.710E-1	1197	   2
2024-02-09 16:59:20.163	20.77	20.65	20.22	21.98	22.50	22.61	22.65	20.54	22.00	 901	-186	1187	 989	6.720E-1	1197	   2
2024-02-09 16:59:25.164	20.76	20.65	20.21	22.00	22.52	22.60	22.62	20.54	22.00	 900	-186	1187	 989	6.710E-1	1197	   2
2024-02-09 16:59:30.164	20.76	20.66	20.21	22.02	22.51	22.58	22.62	20.54	22.00	 900	-187	1186	 990	6.690E-1	1197	   2
2024-02-09 16:59:35.164	20.74	20.67	20.25	22.08	22.51	22.61	22.62	20.55	22.01	 900	-186	1186	 990	6.700E-1	1197	   2
2024-02-09 16:59:40.164	20.73	20.69	20.23	21.70	22.49	22.59	22.62	20.50	22.01	 900	-186	1187	 991	6.690E-1	1197	   2
2024-02-09 16:59:45.164	20.74	20.68	20.26	21.62	22.46	22.61	22.65	20.49	22.00	 900	-186	1187	 991	6.690E-1	1197	   2
2024-02-09 16:59:50.164	20.74	20.69	20.23	21.81	22.48	22.61	22.64	20.50	22.00	 900	-186	1188	 990	6.690E-1	1197	   2
2024-02-09 16:59:55.164	20.75	20.67	20.21	21.63	22.49	22.63	22.63	20.50	22.00	 900	-185	1188	 990	6.680E-1	1197	   2
2024-02-09 17:00:00.164	20.74	20.69	20.22	21.84	22.52	22.63	22.61	20.56	22.01	 900	-185	1188	 991	6.660E-1	1197	   2
2024-02-09 17:00:05.164	20.73	20.71	20.24	22.14	22.53	22.62	22.62	20.55	22.01	 900	-185	1188	 991	6.620E-1	1197	   2
2024-02-09 17:00:10.166	20.75	20.69	20.28	22.16	22.52	22.62	22.63	20.56	22.00	 900	-186	1187	 991	6.640E-1	1197	   2
2024-02-09 17:00:15.165	20.74	20.71	20.29	21.98	22.49	22.61	22.66	20.50	22.01	 900	-186	1187	 991	6.670E-1	1197	   2
2024-02-09 17:00:20.167	20.76	20.71	20.28	21.90	22.47	22.63	22.67	20.49	22.01	 900	-186	1187	 990	6.670E-1	1197	   2
2024-02-09 17:00:25.167	20.78	20.72	20.28	21.79	22.46	22.64	22.69	20.51	22.02	 900	-186	1187	 991	6.650E-1	1197	   2
2024-02-09 17:00:30.166	20.76	20.73	20.29	21.66	22.44	22.65	22.70	20.52	22.03	 900	-186	1187	 991	6.670E-1	1197	   2
2024-02-09 17:00:35.167	20.77	20.74	20.32	21.97	22.46	22.64	22.68	20.58	22.02	 900	-186	1187	 991	6.680E-1	1197	   2
2024-02-09 17:00:40.167	20.79	20.74	20.34	22.25	22.46	22.64	22.68	20.60	22.01	 899	-186	1186	 991	6.680E-1	1197	   2
2024-02-09 17:00:45.167	20.80	20.75	20.35	21.98	22.47	22.63	22.66	20.59	22.01	 899	-186	1186	 990	9.160E-1	1197	   2
2024-02-09 17:00:50.168	20.81	20.78	20.35	22.20	22.50	22.64	22.65	20.57	22.01	 900	-186	1186	 991	2.400E+0	1197	   2
2024-02-09 17:00:55.168	20.79	20.79	20.35	22.08	22.54	22.67	22.64	20.51	22.01	 900	-186	1187	 991	3.400E+0	1197	   3
2024-02-09 17:01:00.168	20.81	20.82	20.35	22.10	22.56	22.66	22.67	20.54	22.02	 900	-186	1187	 991	3.800E+0	1197	   4
2024-02-09 17:01:05.168	20.83	20.80	20.33	22.24	22.56	22.63	22.67	20.56	22.01	 900	-186	1187	 991	4.100E+0	1197	   5
2024-02-09 17:01:10.168	20.82	20.82	20.34	21.94	22.56	22.62	22.67	20.61	22.01	 900	-186	1187	 991	4.400E+0	1197	   5
2024-02-09 17:01:15.170	20.84	20.82	20.34	21.89	22.54	22.62	22.68	20.62	22.00	 900	-186	1187	 990	4.500E+0	1197	   6
2024-02-09 17:01:20.170	20.81	20.83	20.36	21.78	22.51	22.61	22.67	20.56	22.00	 900	-186	1188	 991	4.600E+0	1197	   6
2024-02-09 17:01:25.169	20.81	20.86	20.38	21.81	22.51	22.63	22.65	20.56	22.01	 900	-186	1187	 990	4.600E+0	1197	   6
2024-02-09 17:01:30.170	20.85	20.87	20.37	22.03	22.48	22.64	22.67	20.55	22.01	 901	-186	1187	 990	4.600E+0	1197	   6
2024-02-09 17:01:35.170	20.87	20.87	20.35	21.99	22.51	22.58	22.65	20.56	22.01	 900	-186	1187	 990	4.600E+0	1197	   6
2024-02-09 17:01:40.171	20.89	20.84	20.37	21.89	22.52	22.59	22.65	20.63	22.01	 900	-186	1186	 990	4.600E+0	1197	   6
2024-02-09 17:01:45.171	20.90	20.84	20.37	21.83	22.52	22.61	22.65	20.57	22.01	 900	-186	1187	 990	4.600E+0	1197	   6
2024-02-09 17:01:50.171	20.91	20.81	20.38	21.84	22.52	22.59	22.65	20.57	22.00	 900	-186	1187	 990	4.100E+0	1197	   6
2024-02-09 17:01:55.172	20.91	20.82	20.43	22.14	22.50	22.62	22.68	20.56	21.99	 900	-186	1187	 990	3.500E+0	1197	   6
2024-02-09 17:02:00.172	20.92	20.81	20.39	22.37	22.51	22.63	22.66	20.54	21.99	 900	-186	1187	 990	2.800E+0	1197	   5
2024-02-09 17:02:05.172	20.90	20.82	20.40	22.51	22.50	22.64	22.63	20.52	21.99	 900	-186	1187	 991	1.860E+0	1197	   4
2024-02-09 17:02:10.172	20.89	20.85	20.41	22.23	22.51	22.65	22.63	20.49	21.99	 900	-186	1187	 990	1.260E+0	1197	   4
2024-02-09 17:02:15.173	20.88	20.86	20.42	21.62	22.50	22.62	22.64	20.50	22.00	 900	-186	1188	 990	7.360E-1	1197	   3
2024-02-09 17:02:20.172	20.89	20.87	20.45	21.87	22.51	22.62	22.66	20.51	21.99	 900	-186	1188	 991	4.680E-1	1197	   3
2024-02-09 17:02:25.172	20.89	20.86	20.48	21.87	22.50	22.61	22.75	20.51	22.00	 900	-186	1188	 991	3.340E-1	1197	   2
2024-02-09 17:02:30.172	20.89	20.85	20.48	22.16	22.47	22.62	22.75	20.53	22.01	 900	-186	1188	 991	2.680E-1	1197	   2
2024-02-09 17:02:35.172	20.86	20.85	20.46	22.47	22.47	22.63	22.75	20.49	22.01	 900	-186	1188	 991	2.250E-1	1197	   2
2024-02-09 17:02:40.173	20.87	20.87	20.49	22.17	22.46	22.62	22.76	20.51	22.02	 901	-186	1187	 990	1.950E-1	1197	   2
2024-02-09 17:02:45.173	20.87	20.89	20.47	21.94	22.48	22.64	22.71	20.51	22.00	 900	-186	1186	 990	1.800E-1	1197	   2
2024-02-09 17:02:50.173	20.90	20.89	20.47	22.19	22.50	22.62	22.70	20.50	21.99	 900	-186	1186	 990	1.680E-1	1197	   2
2024-02-09 17:02:55.173	20.93	20.91	20.48	22.06	22.49	22.65	22.69	20.52	21.99	 901	-186	1186	 991	1.580E-1	1197	   2
2024-02-09 17:03:00.173	20.94	20.89	20.47	22.26	22.51	22.65	22.68	20.52	22.00	 901	-186	1186	 991	1.500E-1	1197	   2
2024-02-09 17:03:05.173	20.95	20.90	20.45	22.44	22.50	22.61	22.72	20.52	22.01	 901	-186	1187	 991	1.440E-1	1197	   2
2024-02-09 17:03:10.174	20.95	20.93	20.46	22.02	22.52	22.62	22.72	20.54	22.01	 901	-186	1186	 990	1.380E-1	1197	   2
2024-02-09 17:03:15.174	20.98	20.90	20.48	22.16	22.53	22.60	22.72	20.58	21.99	 900	-186	1187	 990	1.340E-1	1197	   2
2024-02-09 17:03:20.176	21.00	20.92	20.46	21.83	22.49	22.62	22.71	20.61	22.00	 900	-186	1187	 990	1.300E-1	1197	   2
2024-02-09 17:03:25.175	21.00	20.92	20.49	21.94	22.50	22.64	22.68	20.62	22.00	 900	-186	1187	 989	1.270E-1	1197	   2
2024-02-09 17:03:30.176	21.00	20.93	20.48	21.93	22.50	22.65	22.67	20.61	22.01	 900	-186	1188	 989	1.240E-1	1197	   2
2024-02-09 17:03:35.177	20.99	20.96	20.49	21.61	22.52	22.62	22.67	20.60	22.01	 900	-186	1187	 989	1.220E-1	1197	   2
2024-02-09 17:03:40.177	20.95	20.99	20.52	21.72	22.55	22.62	22.69	20.56	22.01	 900	-186	1187	 990	1.200E-1	1197	   2
2024-02-09 17:03:45.177	20.96	20.99	20.53	21.80	22.55	22.61	22.70	20.52	22.01	 900	-186	1188	 990	1.180E-1	1197	   2
2024-02-09 17:03:50.179	20.96	20.97	20.55	21.90	22.54	22.59	22.71	20.51	22.01	 901	-186	1188	 991	1.160E-1	1197	   2
2024-02-09 17:03:55.179	20.95	20.98	20.53	22.00	22.54	22.62	22.72	20.49	22.00	 901	-186	1187	 991	1.150E-1	1197	   2
2024-02-09 17:04:00.179	20.98	20.98	20.51	22.33	22.57	22.61	22.66	20.50	22.01	 900	-186	1188	 991	1.130E-1	1197	   2
2024-02-09 17:04:05.179	21.00	20.99	20.49	22.13	22.59	22.62	22.68	20.53	22.01	 901	-186	1187	 991	1.120E-1	1198	   2
2024-02-09 17:04:10.179	20.99	21.02	20.48	22.32	22.61	22.63	22.66	20.52	22.01	 900	-185	1187	 991	1.110E-1	1198	   2
2024-02-09 17:04:15.179	21.00	21.02	20.50	22.71	22.59	22.64	22.67	20.54	22.01	 900	-186	1187	 991	1.100E-1	1198	   2
2024-02-09 17:04:20.179	21.01	21.01	20.52	22.43	22.55	22.65	22.71	20.54	22.01	 901	-186	1187	 990	1.100E-1	1198	   2
2024-02-09 17:04:25.181	21.04	21.01	20.53	22.41	22.54	22.61	22.71	20.56	22.01	 901	-186	1188	 991	1.090E-1	1198	   2
2024-02-09 17:04:30.181	21.03	21.01	20.54	22.19	22.54	22.62	22.70	20.54	22.01	 901	-186	1187	 990	1.080E-1	1198	   2
2024-02-09 17:04:35.181	21.04	20.99	20.52	22.06	22.55	22.59	22.71	20.52	22.02	 901	-186	1187	 991	1.080E-1	1198	   2
2024-02-09 17:04:40.182	21.05	20.99	20.53	22.22	22.57	22.57	22.71	20.50	22.02	 901	-186	1188	 992	1.070E-1	1198	   2
2024-02-09 17:04:45.182	21.05	20.99	20.51	22.45	22.58	22.61	22.69	20.50	22.01	 900	-186	1188	 991	1.070E-1	1198	   2
2024-02-09 17:04:50.182	21.09	20.98	20.51	22.71	22.59	22.59	22.71	20.57	22.01	 900	-186	1188	 991	1.060E-1	1198	   2
2024-02-09 17:04:55.182	21.10	20.99	20.50	22.68	22.59	22.62	22.70	20.61	22.01	 900	-186	1187	 991	1.060E-1	1198	   2
2024-02-09 17:05:00.183	21.11	20.99	20.50	22.62	22.58	22.61	22.70	20.65	22.00	 901	-186	1188	 990	1.050E-1	1198	   2
2024-02-09 17:05:05.183	21.10	21.00	20.52	22.48	22.57	22.61	22.71	20.64	22.01	 901	-186	1187	 991	1.050E-1	1198	   2
2024-02-09 17:05:10.183	21.08	20.99	20.54	22.39	22.56	22.61	22.71	20.62	22.02	 901	-186	1187	 991	1.050E-1	1198	   2
2024-02-09 17:05:15.183	21.05	21.03	20.58	22.31	22.58	22.61	22.71	20.59	22.01	 901	-186	1188	 991	1.040E-1	1198	   2
2024-02-09 17:05:20.183	21.07	21.04	20.59	22.55	22.57	22.61	22.74	20.58	21.99	 901	-186	1187	 991	1.040E-1	1198	   2
2024-02-09 17:05:25.183	21.04	21.03	20.60	22.50	22.56	22.62	22.72	20.54	22.00	 900	-186	1188	 990	1.030E-1	1198	   2
2024-02-09 17:05:30.184	21.06	21.08	20.57	22.68	22.57	22.63	22.71	20.53	22.00	 900	-185	1188	 989	1.030E-1	1198	   2
2024-02-09 17:05:35.183	21.10	21.04	20.57	22.66	22.56	22.62	22.71	20.54	22.00	 900	-186	1187	 989	1.030E-1	1198	   2
2024-02-09 17:05:40.183	21.08	21.05	20.56	22.21	22.59	22.60	22.66	20.54	22.01	 900	-186	1188	 989	1.030E-1	1198	   2
2024-02-09 17:05:45.185	21.11	21.03	20.58	22.44	22.58	22.60	22.67	20.56	22.01	 900	-186	1188	 990	1.030E-1	1198	   2
2024-02-09 17:05:50.186	21.13	21.00	20.59	22.07	22.56	22.58	22.72	20.59	22.00	 900	-186	1187	 991	1.030E-1	1198	   2
2024-02-09 17:05:55.186	21.12	21.01	20.58	22.01	22.56	22.60	22.71	20.57	21.99	 901	-186	1188	 991	1.020E-1	1198	   2
2024-02-09 17:06:00.185	21.14	21.00	20.59	22.36	22.53	22.62	22.74	20.58	22.00	 900	-186	1188	 991	1.020E-1	1198	   2
2024-02-09 17:06:05.186	21.10	21.05	20.57	22.18	22.53	22.60	22.74	20.58	21.99	 900	-186	1187	 990	1.020E-1	1198	   2
2024-02-09 17:06:10.186	21.13	21.07	20.57	22.20	22.55	22.60	22.74	20.59	22.00	 901	-186	1187	 989	1.020E-1	1198	   2
2024-02-09 17:06:15.186	21.13	21.09	20.58	22.29	22.55	22.58	22.73	20.57	22.01	 900	-186	1187	 989	1.020E-1	1198	   2
2024-02-09 17:06:20.186	21.14	21.11	20.59	22.39	22.56	22.57	22.73	20.56	22.00	 901	-186	1187	 990	1.020E-1	1198	   2
2024-02-09 17:06:25.188	21.20	21.07	20.59	22.35	22.57	22.59	22.73	20.60	22.00	 901	-186	1187	 990	1.010E-1	1198	   2
2024-02-09 17:06:30.187	21.17	21.06	20.64	22.53	22.54	22.61	22.71	20.56	22.00	 901	-186	1187	 991	1.010E-1	1198	   2
2024-02-09 17:06:35.187	21.18	21.04	20.65	22.40	22.55	22.61	22.73	20.61	21.99	 901	-186	1187	 991	1.000E-1	1198	   2
2024-02-09 17:06:40.188	21.18	21.04	20.67	22.29	22.55	22.62	22.71	20.63	21.99	 901	-186	1187	 990	5.800E-3	1198	  17
2024-02-09 17:06:45.187	21.15	21.06	20.68	22.19	22.56	22.62	22.71	20.62	22.00	 901	-186	1188	 991	2.200E-3	1198	  53
2024-02-09 17:06:50.189	21.16	21.08	20.66	22.37	22.55	22.62	22.68	20.59	22.00	 901	-185	1187	 991	3.600E-4	1198	 112
2024-02-09 17:06:55.189	21.16	21.10	20.70	22.53	22.54	22.61	22.71	20.61	22.00	 901	-186	1187	 991	3.000E-4	1198	 191
2024-02-09 17:07:00.190	21.16	21.09	20.66	22.34	22.53	22.61	22.72	20.57	22.00	 901	-185	1187	 991	8.000E-5	1198	 275
2024-02-09 17:07:05.190	21.20	21.10	20.68	22.61	22.54	22.59	22.71	20.56	22.00	 901	-186	1187	 991	2.100E-4	1198	 356
2024-02-09 17:07:10.190	21.17	21.12	20.71	22.37	22.56	22.61	22.73	20.59	22.00	 901	-186	1188	 990	2.500E-5	1198	 432
2024-02-09 17:07:15.190	21.18	21.13	20.67	22.38	22.60	22.62	22.70	20.57	22.00	 901	-186	1188	 991	1.900E-4	1198	 503
2024-02-09 17:07:20.190	21.17	21.17	20.70	22.54	22.60	22.62	22.70	20.58	22.00	 901	-186	1188	 991	2.100E-4	1198	 567
2024-02-09 17:07:25.190	21.18	21.16	20.69	22.66	22.59	22.61	22.72	20.57	22.00	 901	-186	1189	 991	2.100E-4	1198	 626
2024-02-09 17:07:30.190	21.22	21.15	20.67	22.58	22.58	22.58	22.72	20.60	22.00	 901	-186	1189	 991	1.900E-4	1198	 679
2024-02-09 17:07:35.190	21.23	21.16	20.67	22.33	22.56	22.59	22.73	20.62	22.00	 901	-186	1189	 991	2.400E-4	1198	 725
2024-02-09 17:07:40.191	21.25	21.18	20.69	22.66	22.57	22.59	22.71	20.57	21.99	 901	-186	1189	 991	2.200E-4	1198	 766
2024-02-09 17:07:45.190	21.28	21.20	20.71	22.35	22.58	22.61	22.71	20.61	21.99	 901	-186	1188	 991	2.000E-5	1198	 802
2024-02-09 17:07:50.190	21.28	21.23	20.75	22.56	22.60	22.61	22.71	20.55	22.00	 901	-186	1188	 992	1.900E-4	1198	 832
2024-02-09 17:07:55.190	21.31	21.26	20.83	22.58	22.57	22.59	22.73	20.55	22.01	 901	-186	1189	 991	2.900E-4	1198	 859
2024-02-09 17:08:00.192	21.33	21.26	20.89	22.42	22.56	22.60	22.74	20.58	22.01	 901	-186	1189	 990	2.600E-4	1198	 881
2024-02-09 17:08:05.192	21.31	21.31	20.96	22.54	22.55	22.60	22.73	20.54	22.01	 901	-186	1189	 990	3.200E-4	1198	 901
2024-02-09 17:08:10.192	21.33	21.34	21.00	22.35	22.55	22.59	22.75	20.57	22.00	 901	-186	1189	 990	2.400E-5	1198	 917
2024-02-09 17:08:15.193	21.35	21.33	21.03	22.75	22.57	22.61	22.72	20.52	22.00	 901	-186	1188	 991	1.800E-5	1198	 931
2024-02-09 17:08:20.193	21.38	21.34	21.04	22.70	22.57	22.60	22.73	20.51	22.01	 900	-186	1188	 992	3.300E-4	1198	 943
2024-02-09 17:08:25.193	21.43	21.32	21.04	22.67	22.58	22.58	22.72	20.52	22.01	 901	-186	1189	 991	1.000E-5	1198	 952
2024-02-09 17:08:30.195	21.43	21.32	21.03	22.70	22.57	22.60	22.72	20.53	22.01	 900	-186	1189	 991	4.800E-4	1198	 961
2024-02-09 17:08:35.195	21.42	21.36	21.06	22.70	22.58	22.61	22.73	20.58	22.02	 901	-186	1189	 991	5.800E-4	1198	 967
2024-02-09 17:08:40.196	21.41	21.38	21.06	22.54	22.59	22.63	22.73	20.56	22.02	 901	-186	1189	 991	8.900E-4	1198	 973
2024-02-09 17:08:45.196	21.40	21.41	21.09	22.60	22.60	22.64	22.76	20.56	22.02	 901	-186	1189	 993	3.400E-4	1198	 978
2024-02-09 17:08:50.196	21.44	21.44	21.11	22.63	22.60	22.62	22.75	20.60	22.01	 901	-186	1189	 992	4.500E-4	1198	 982
2024-02-09 17:08:55.197	21.47	21.43	21.12	22.71	22.60	22.60	22.75	20.59	22.00	 901	-186	1189	 992	3.200E-4	1198	 986
2024-02-09 17:09:00.197	21.48	21.44	21.16	22.73	22.58	22.60	22.75	20.63	22.01	 901	-186	1189	 992	3.400E-4	1198	 988
2024-02-09 17:09:05.196	21.49	21.47	21.15	22.62	22.61	22.61	22.75	20.64	22.01	 901	-186	1190	 991	3.600E-4	1198	 991
2024-02-09 17:09:10.198	21.53	21.44	21.19	22.75	22.60	22.62	22.75	20.64	22.02	 901	-185	1190	 991	3.400E-4	1198	 992
2024-02-09 17:09:15.198	21.49	21.45	21.20	22.32	22.60	22.64	22.73	20.65	22.01	 901	-185	1190	 991	2.800E-4	1198	 994
2024-02-09 17:09:20.197	21.50	21.44	21.19	22.49	22.60	22.64	22.73	20.65	22.01	 901	-185	1190	 991	2.900E-4	1198	 994
2024-02-09 17:09:25.197	21.52	21.42	21.22	22.65	22.59	22.64	22.74	20.67	22.01	 901	-186	1189	 992	3.000E-4	1198	 995
2024-02-09 17:09:30.198	21.49	21.48	21.23	22.47	22.59	22.64	22.73	20.64	22.01	 901	-186	1190	 991	2.400E-4	1198	 995
2024-02-09 17:09:35.198	21.54	21.51	21.24	23.10	22.60	22.62	22.72	20.65	22.02	 901	-186	1190	 991	2.400E-4	1198	 995
2024-02-09 17:09:40.198	21.57	21.56	21.29	22.83	22.60	22.63	22.71	20.67	22.02	 902	-186	1190	 991	1.300E-5	1198	 995
2024-02-09 17:09:45.198	21.59	21.58	21.30	22.48	22.60	22.64	22.70	20.68	22.02	 901	-186	1190	 991	2.800E-4	1198	 995
2024-02-09 17:09:50.198	21.62	21.59	21.30	22.45	22.61	22.65	22.71	20.66	22.01	 901	-186	1189	 991	3.000E-4	1198	 995
2024-02-09 17:09:55.198	21.64	21.61	21.33	22.02	22.61	22.65	22.74	20.67	22.01	 901	-186	1189	 992	3.000E-4	1198	 995
2024-02-09 17:10:00.198	21.66	21.62	21.33	22.16	22.64	22.65	22.75	20.66	22.02	 901	-186	1189	 992	2.400E-4	1198	 995
2024-02-09 17:10:05.199	21.65	21.63	21.35	22.50	22.65	22.65	22.76	20.62	22.03	 901	-186	1189	 991	3.000E-4	1198	 995
2024-02-09 17:10:10.198	21.63	21.64	21.33	22.65	22.68	22.64	22.75	20.60	22.03	 902	-186	1189	 992	4.000E-5	1198	 995
2024-02-09 17:10:15.199	21.65	21.64	21.30	22.64	22.67	22.64	22.73	20.62	22.02	 902	-186	1189	 992	3.200E-4	1198	 995
2024-02-09 17:10:20.200	21.60	21.63	21.29	22.41	22.65	22.65	22.74	20.59	22.01	 902	-186	1190	 992	7.700E-5	1198	 995
2024-02-09 17:10:25.200	21.59	21.64	21.26	22.35	22.65	22.61	22.73	20.62	22.02	 902	-186	1190	 992	1.500E-5	1198	 995
2024-02-09 17:10:30.200	21.60	21.57	21.24	22.43	22.63	22.61	22.74	20.66	22.02	 901	-185	1189	 991	3.900E-4	1198	 995
2024-02-09 17:10:35.200	21.52	21.53	21.23	22.11	22.61	22.63	22.75	20.61	22.01	 901	-186	1189	 991	2.600E-4	1198	 995
2024-02-09 17:10:40.200	21.52	21.49	21.17	22.34	22.61	22.62	22.76	20.63	22.02	 901	-186	1189	 992	4.200E-4	1198	 995
2024-02-09 17:10:45.200	21.50	21.45	21.13	22.36	22.60	22.64	22.75	20.60	22.01	 901	-186	1189	 992	4.200E-4	1198	 995
2024-02-09 17:10:50.200	21.47	21.42	21.08	22.24	22.61	22.62	22.75	20.64	22.02	 901	-186	1189	 992	4.400E-4	1198	 995
2024-02-09 17:10:55.201	21.47	21.39	21.02	22.55	22.61	22.60	22.74	20.67	22.01	 901	-186	1189	 993	7.900E-4	1198	 995
2024-02-09 17:11:00.200	21.47	21.35	21.02	22.56	22.61	22.59	22.76	20.74	22.01	 901	-186	1189	 992	7.200E-4	1198	 995
2024-02-09 17:11:05.200	21.48	21.31	21.02	22.49	22.61	22.58	22.76	20.72	22.01	 901	-186	1189	 992	8.600E-4	1198	 995
2024-02-09 17:11:10.201	21.49	21.32	21.02	22.56	22.60	22.59	22.77	20.70	22.01	 902	-186	1190	 992	1.700E-3	1198	 995
2024-02-09 17:11:15.200	21.48	21.35	21.02	22.58	22.62	22.56	22.79	20.69	22.02	 902	-186	1190	 992	1.600E-3	1198	 995
2024-02-09 17:11:20.200	21.46	21.33	21.01	22.56	22.64	22.57	22.76	20.62	22.02	 901	-186	1190	 993	2.000E-3	1198	 995
2024-02-09 17:11:25.201	21.44	21.34	20.96	22.65	22.64	22.58	22.76	20.66	22.02	 901	-186	1190	 992	2.700E-3	1198	 995
2024-02-09 17:11:30.200	21.40	21.33	20.96	22.47	22.64	22.59	22.76	20.66	22.01	 901	-186	1190	 991	3.200E-3	1198	 995
2024-02-09 17:11:35.201	21.40	21.32	20.97	22.61	22.63	22.61	22.73	20.67	22.01	 901	-186	1190	 991	3.100E-3	1198	 995
2024-02-09 17:11:40.201	21.41	21.34	20.97	22.59	22.64	22.62	22.74	20.69	22.00	 901	-186	1190	 991	3.200E-3	1198	 995
2024-02-09 17:11:45.201	21.40	21.40	21.00	22.47	22.62	22.62	22.75	20.66	22.01	 901	-186	1190	 992	3.100E-3	1198	 995
2024-02-09 17:11:50.201	21.43	21.39	21.00	22.62	22.62	22.64	22.72	20.67	22.02	 902	-186	1190	 992	3.200E-3	1198	 995
2024-02-09 17:11:55.201	21.42	21.41	21.01	22.50	22.61	22.62	22.75	20.65	22.02	 902	-186	1190	 992	3.300E-3	1198	 995
2024-02-09 17:12:00.201	21.41	21.42	20.98	22.57	22.59	22.60	22.76	20.62	22.01	 902	-186	1190	 991	3.300E-3	1198	 995
2024-02-09 17:12:05.201	21.42	21.39	20.94	22.67	22.61	22.58	22.76	20.65	22.01	 902	-186	1190	 991	3.200E-3	1198	 995
2024-02-09 17:12:10.202	21.41	21.41	20.96	22.46	22.61	22.57	22.78	20.67	22.00	 901	-186	1189	 991	3.100E-3	1198	 995
2024-02-09 17:12:15.203	21.44	21.38	20.91	22.60	22.64	22.57	22.77	20.69	22.00	 901	-186	1190	 992	3.300E-3	1198	 897
2024-02-09 17:12:20.204	21.45	21.37	20.93	22.78	22.65	22.57	22.76	20.73	22.00	 900	-185	1190	 992	3.300E-3	1198	 654
2024-02-09 17:12:25.203	21.48	21.37	20.95	22.68	22.65	22.58	22.76	20.73	22.01	 901	-185	1189	 992	3.500E-3	1198	 411
2024-02-09 17:12:30.203	21.49	21.36	20.94	22.99	22.65	22.57	22.76	20.71	22.02	 901	-186	1189	 992	3.500E-3	1198	 169
2024-02-09 17:12:35.204	21.49	21.38	20.97	23.00	22.66	22.58	22.78	20.72	22.01	 902	-186	1188	 992	3.300E-3	1198	  25
2024-02-09 17:12:40.205	21.46	21.40	20.97	22.64	22.64	22.59	22.74	20.66	22.00	 902	-186	1188	 992	3.500E-3	1198	  25
2024-02-09 17:12:45.204	21.43	21.40	20.98	22.76	22.67	22.59	22.72	20.66	22.00	 902	-186	1188	 992	3.300E-3	1198	  25
2024-02-09 17:12:50.205	21.38	21.42	20.98	22.82	22.69	22.62	22.71	20.65	22.00	 902	-185	1189	 991	3.500E-3	1198	  25
2024-02-09 17:12:55.205	21.38	21.41	20.98	22.32	22.65	22.65	22.70	20.63	22.00	 902	-186	1189	 990	3.500E-3	1199	  20
2024-02-09 17:13:00.205	21.40	21.39	20.99	22.45	22.65	22.62	22.76	20.68	21.99	 902	-186	1189	 989	3.500E-3	1199	  15
2024-02-09 17:13:05.205	21.41	21.38	20.97	22.37	22.63	22.63	22.78	20.68	22.00	 902	-186	1189	 988	3.500E-3	1199	   9
2024-02-09 17:13:10.207	21.44	21.40	20.96	22.03	22.61	22.62	22.78	20.67	22.00	 901	-186	1189	 989	3.500E-3	1199	   3
2024-02-09 17:13:15.206	21.44	21.40	20.96	22.64	22.62	22.59	22.78	20.69	22.00	 901	-186	1188	 988	3.600E-3	1199	   1
2024-02-09 17:13:20.208	21.41	21.43	20.96	22.83	22.63	22.63	22.74	20.61	21.99	 901	-185	1189	 989	3.200E-3	1198	   1
2024-02-09 17:13:25.208	21.45	21.44	20.97	22.96	22.64	22.61	22.75	20.66	22.00	 901	-186	1189	 990	3.500E-3	1199	   1
2024-02-09 17:13:30.208	21.42	21.43	21.01	22.94	22.64	22.63	22.73	20.64	22.01	 902	-186	1189	 991	3.600E-3	1199	   1
2024-02-09 17:13:35.208	21.44	21.43	20.98	22.62	22.64	22.64	22.69	20.64	22.00	 902	-186	1189	 991	3.600E-3	1199	   1
2024-02-09 17:13:40.209	21.47	21.43	20.98	22.79	22.63	22.60	22.71	20.71	22.00	 902	-186	1188	 991	3.700E-3	1199	   1
2024-02-09 17:13:45.210	21.45	21.43	20.97	22.58	22.61	22.62	22.70	20.67	22.00	 902	-186	1188	 991	3.700E-3	1199	   1
2024-02-09 17:13:50.210	21.46	21.42	20.96	22.67	22.60	22.59	22.71	20.71	22.00	 902	-186	1188	 990	3.500E-3	1199	   1
2024-02-09 17:13:55.210	21.44	21.45	20.96	22.83	22.59	22.60	22.75	20.68	22.00	 901	-186	1188	 990	3.400E-3	1199	   1
2024-02-09 17:14:00.211	21.43	21.46	20.99	22.67	22.59	22.62	22.74	20.65	22.00	 901	-186	1188	 990	4.700E-4	1199	   1
2024-02-09 17:14:05.211	21.45	21.46	20.99	22.85	22.59	22.61	22.74	20.64	22.00	 901	-186	1188	 990	4.500E-4	1199	   1
2024-02-09 17:14:10.211	21.46	21.48	21.00	22.71	22.60	22.63	22.73	20.66	22.01	 901	-186	1188	 991	4.000E-4	1199	   1
2024-02-09 17:14:15.211	21.48	21.46	21.00	22.69	22.60	22.61	22.70	20.70	22.01	 901	-186	1188	 991	5.100E-4	1199	   1
2024-02-09 17:14:20.211	21.50	21.45	20.99	22.57	22.63	22.59	22.69	20.73	22.01	 901	-186	1188	 991	3.300E-4	1199	   1
2024-02-09 17:14:25.213	21.49	21.45	21.00	22.19	22.62	22.59	22.70	20.70	22.00	 901	-185	1188	 991	3.500E-4	1199	   1
2024-02-09 17:14:30.212	21.50	21.45	20.99	22.31	22.62	22.60	22.71	20.68	22.00	 901	-186	1189	 991	7.200E-5	1199	   1
2024-02-09 17:14:35.213	21.50	21.45	21.01	22.12	22.64	22.62	22.71	20.65	22.00	 901	-186	1189	 991	3.900E-4	1199	   1
2024-02-09 17:14:40.212	21.49	21.45	21.03	22.12	22.61	22.64	22.72	20.65	22.01	 902	-186	1189	 991	2.800E-4	1199	   1
2024-02-09 17:14:45.213	21.48	21.45	21.02	22.38	22.60	22.66	22.70	20.68	22.01	 902	-186	1189	 991	4.200E-6	1199	   1
2024-02-09 17:14:50.212	21.49	21.47	21.03	22.27	22.61	22.63	22.71	20.72	22.00	 902	-186	1188	 990	9.300E-6	1199	   1
2024-02-09 17:14:55.212	21.46	21.48	21.03	22.37	22.60	22.63	22.69	20.67	22.00	 902	-186	1189	 990	5.200E-5	1199	   1
2024-02-09 17:15:00.213	21.47	21.49	21.03	22.23	22.61	22.62	22.71	20.70	22.00	 902	-186	1189	 989	4.400E-5	1199	   1
2024-02-09 17:15:05.214	21.49	21.49	21.04	22.19	22.64	22.61	22.71	20.70	22.00	 902	-186	1189	 988	5.200E-5	1199	   1
2024-02-09 17:15:10.213	21.47	21.47	21.06	22.37	22.64	22.65	22.73	20.68	22.00	 901	-186	1190	 989	4.200E-5	1199	   1
2024-02-09 17:15:15.214	21.51	21.47	21.05	22.22	22.65	22.62	22.78	20.74	22.00	 902	-186	1189	 990	4.300E-5	1199	   1
2024-02-09 17:15:20.214	21.51	21.48	21.03	22.32	22.66	22.61	22.76	20.69	22.00	 901	-186	1189	 991	4.300E-5	1199	   1
2024-02-09 17:15:25.215	21.49	21.50	21.04	22.45	22.66	22.61	22.76	20.69	22.00	 901	-186	1189	 991	2.300E-5	1199	   1
2024-02-09 17:15:30.215	21.51	21.50	21.03	22.37	22.67	22.57	22.76	20.68	22.01	 902	-186	1189	 990	4.200E-5	1199	   1
2024-02-09 17:15:35.217	21.52	21.50	21.01	22.33	22.67	22.56	22.72	20.70	22.00	 901	-186	1189	 989	5.200E-5	1199	   1
2024-02-09 17:15:40.216	21.51	21.50	21.03	22.32	22.66	22.59	22.74	20.70	21.99	 901	-186	1189	 989	5.800E-5	1199	   1
2024-02-09 17:15:45.217	21.52	21.49	21.02	22.34	22.64	22.60	22.74	20.70	21.99	 902	-186	1189	 990	5.300E-5	1199	   1
2024-02-09 17:15:50.217	21.55	21.49	21.04	22.43	22.62	22.62	22.75	20.72	22.00	 901	-186	1188	 990	2.800E-5	1199	   1
2024-02-09 17:15:55.216	21.54	21.50	21.06	22.61	22.62	22.61	22.76	20.67	21.99	 902	-186	1189	 990	3.800E-5	1199	   1
2024-02-09 17:16:00.217	21.55	21.51	21.04	22.61	22.66	22.60	22.74	20.67	21.99	 902	-186	1189	 990	3.400E-5	1199	   1
