#Timestamp	T0 - GPD IFplate (C)	T1 - GPD drift (C)	T2 - GPD mech (C)	T3 - Tank TC (C)	T4 - GTC TF Outlet (C)	T5 - AC TF Outlet (C)	T6 - Ambient (C)	T7 - Tank PT100 (C)	TJulaboInternal (C)	P0 - Setra AC (mbar)	P1 - Setra Filling (mbar)	P2 - Omega AC (mbar)	P3 - Omega GTC (mbar)	PressFullrange (mbar)	P4 - MKS AC (mbar)	P5 - MKS GPD (mbar)
2024-02-16 14:42:14.253	22.67	22.50	22.26	21.36	22.94	22.56	22.10	20.71	22.08	 903.11	  -0.29	1184.76	1009.86	7.500E-6	1196.03	   0.10
2024-02-16 14:42:15.254	22.67	22.50	22.26	21.36	22.94	22.56	22.10	20.71	22.08	 903.11	  -0.29	1184.76	1009.86	6.500E-6	1196.03	   0.10
2024-02-16 14:42:16.256	22.67	22.50	22.26	21.36	22.94	22.56	22.10	20.71	22.08	 903.11	  -0.29	1184.76	1009.86	6.400E-6	1196.03	   0.10
2024-02-16 14:42:17.257	22.67	22.50	22.26	21.36	22.94	22.56	22.10	20.71	22.08	 903.11	  -0.29	1184.76	1009.86	6.500E-6	1196.03	   0.10
2024-02-16 14:42:18.258	22.67	22.50	22.26	21.36	22.94	22.56	22.10	20.71	22.08	 903.11	  -0.29	1184.76	1009.86	6.500E-6	1196.03	   0.10
2024-02-16 14:42:19.258	22.67	22.50	22.26	21.36	22.94	22.56	22.10	20.71	22.08	 903.11	  -0.29	1184.76	1009.86	6.700E-6	1196.03	   0.10
2024-02-16 14:42:20.258	22.67	22.50	22.26	21.36	22.94	22.56	22.10	20.71	22.08	 903.11	  -0.29	1184.76	1009.86	6.500E-6	1196.03	   0.10
2024-02-16 14:42:21.258	22.67	22.50	22.26	21.36	22.94	22.56	22.10	20.71	22.08	 903.11	  -0.29	1184.76	1009.86	6.700E-6	1196.03	   0.10
2024-02-16 14:42:22.258	22.67	22.50	22.26	21.36	22.94	22.56	22.10	20.71	22.08	 903.11	  -0.29	1184.76	1009.86	6.700E-6	1196.03	   0.10
2024-02-16 14:42:23.259	22.67	22.50	22.26	21.36	22.94	22.56	22.10	20.71	22.08	 903.11	  -0.29	1184.76	1009.86	7.300E-6	1196.03	   0.10
2024-02-16 14:42:24.259	22.67	22.50	22.26	21.36	22.94	22.56	22.10	20.71	22.08	 903.11	  -0.29	1184.76	1009.86	6.500E-6	1196.03	   0.10
2024-02-16 14:42:25.260	22.67	22.50	22.26	21.36	22.94	22.56	22.10	20.71	22.08	 903.11	  -0.29	1184.76	1009.86	6.800E-6	1196.03	   0.10
2024-02-16 14:42:26.261	22.67	22.50	22.26	21.36	22.94	22.56	22.10	20.71	22.08	 903.11	  -0.29	1184.76	1009.86	6.600E-6	1196.03	   0.10
2024-02-16 14:42:27.261	22.67	22.50	22.26	21.36	22.94	22.56	22.10	20.71	22.08	 903.11	  -0.29	1184.76	1009.86	6.400E-6	1196.03	   0.10
2024-02-16 14:42:28.262	22.67	22.50	22.26	21.36	22.94	22.56	22.10	20.71	22.08	 903.11	  -0.29	1184.76	1009.86	6.500E-6	1196.03	   0.10
2024-02-16 14:42:29.263	22.67	22.50	22.26	21.36	22.94	22.56	22.10	20.71	22.08	 903.11	  -0.29	1184.76	1009.86	6.400E-6	1196.03	   0.10
2024-02-16 14:42:30.263	22.67	22.50	22.26	21.36	22.94	22.56	22.10	20.71	22.08	 903.11	  -0.29	1184.76	1009.86	6.500E-6	1196.03	   0.10
2024-02-16 14:42:31.263	22.67	22.50	22.26	21.36	22.94	22.56	22.10	20.71	22.08	 903.11	  -0.29	1184.76	1009.86	6.600E-6	1196.03	   0.10
2024-02-16 14:42:32.264	22.67	22.50	22.26	21.36	22.94	22.56	22.10	20.71	22.08	 903.11	  -0.29	1184.76	1009.86	6.500E-6	1196.03	   0.10
2024-02-16 14:42:33.264	22.67	22.50	22.26	21.36	22.94	22.56	22.10	20.71	22.08	 903.11	  -0.29	1184.76	1009.86	6.500E-6	1196.03	   0.10
2024-02-16 14:42:34.264	22.67	22.50	22.26	21.36	22.94	22.56	22.10	20.71	22.08	 903.11	  -0.29	1184.76	1009.86	6.600E-6	1196.03	   0.10
2024-02-16 14:42:35.264	22.67	22.50	22.26	21.36	22.94	22.56	22.10	20.71	22.08	 903.11	  -0.29	1184.76	1009.86	6.500E-6	1196.03	   0.10
2024-02-16 14:42:36.264	22.67	22.50	22.26	21.36	22.94	22.56	22.10	20.71	22.08	 903.11	  -0.29	1184.76	1009.86	6.600E-6	1196.03	   0.10
2024-02-16 14:42:37.265	22.67	22.50	22.26	21.36	22.94	22.56	22.10	20.71	22.08	 903.11	  -0.29	1184.76	1009.86	6.500E-6	1196.03	   0.10
2024-02-16 14:42:38.265	22.67	22.50	22.26	21.36	22.94	22.56	22.10	20.71	22.08	 903.11	  -0.29	1184.76	1009.86	6.500E-6	1196.03	   0.10
2024-02-16 14:42:39.267	22.67	22.50	22.26	21.36	22.94	22.56	22.10	20.71	22.08	 903.11	  -0.29	1184.76	1009.86	6.600E-6	1196.03	   0.10
2024-02-16 14:42:40.266	22.67	22.50	22.26	21.36	22.94	22.56	22.10	20.71	22.08	 903.11	  -0.29	1184.76	1009.86	6.900E-6	1196.03	   0.10
2024-02-16 14:42:41.266	22.67	22.50	22.26	21.36	22.94	22.56	22.10	20.71	22.08	 903.11	  -0.29	1184.76	1009.86	6.900E-6	1196.03	   0.10
2024-02-16 14:42:42.266	22.67	22.50	22.26	21.36	22.94	22.56	22.10	20.71	22.08	 903.11	  -0.29	1184.76	1009.86	6.800E-6	1196.03	   0.10
2024-02-16 14:42:43.266	22.67	22.50	22.26	21.36	22.94	22.56	22.10	20.71	22.08	 903.11	  -0.29	1184.76	1009.86	6.800E-6	1196.03	   0.10
2024-02-16 14:42:44.266	22.67	22.50	22.26	21.36	22.94	22.56	22.10	20.71	22.08	 903.11	  -0.29	1184.76	1009.86	6.300E-6	1196.03	   0.10
2024-02-16 14:42:45.266	22.67	22.50	22.26	21.36	22.94	22.56	22.10	20.71	22.08	 903.11	  -0.29	1184.76	1009.86	6.900E-6	1196.03	   0.10
2024-02-16 14:42:46.268	22.67	22.50	22.26	21.36	22.94	22.56	22.10	20.71	22.08	 903.11	  -0.29	1184.76	1009.86	6.400E-6	1196.03	   0.10
2024-02-16 14:42:47.269	22.67	22.50	22.26	21.36	22.94	22.56	22.10	20.71	22.08	 903.11	  -0.29	1184.76	1009.86	6.500E-6	1196.03	   0.10
2024-02-16 14:42:48.268	22.67	22.50	22.26	21.36	22.94	22.56	22.10	20.71	22.08	 903.11	  -0.29	1184.76	1009.86	6.500E-6	1196.03	   0.10
2024-02-16 14:42:49.268	22.67	22.50	22.26	21.36	22.94	22.56	22.10	20.71	22.08	 903.11	  -0.29	1184.76	1009.86	6.500E-6	1196.03	   0.10
2024-02-16 14:42:50.268	22.67	22.50	22.26	21.36	22.94	22.56	22.10	20.71	22.08	 903.11	  -0.29	1184.76	1009.86	6.600E-6	1196.03	   0.10
2024-02-16 14:42:51.269	22.67	22.50	22.26	21.36	22.94	22.56	22.10	20.71	22.08	 903.11	  -0.29	1184.76	1009.86	6.600E-6	1196.03	   0.10
2024-02-16 14:42:52.269	22.67	22.50	22.26	21.36	22.94	22.56	22.10	20.71	22.08	 903.11	  -0.29	1184.76	1009.86	6.500E-6	1196.03	   0.10
2024-02-16 14:42:53.271	22.67	22.50	22.26	21.36	22.94	22.56	22.10	20.71	22.08	 903.11	  -0.29	1184.76	1009.86	6.600E-6	1196.03	   0.10
2024-02-16 14:42:54.270	22.67	22.50	22.26	21.36	22.94	22.56	22.10	20.71	22.08	 903.11	  -0.29	1184.76	1009.86	6.500E-6	1196.03	   0.10
2024-02-16 14:42:55.270	22.60	22.54	22.21	21.76	23.01	22.46	22.09	20.72	22.08	 902.94	  -0.29	1185.16	1010.39	7.100E-6	1195.98	   0.10
2024-02-16 14:42:56.271	22.58	22.60	22.18	22.42	23.09	22.38	22.07	20.75	22.33	 903.03	  -0.29	1186.06	1009.57	6.800E-6	1195.93	   0.11
2024-02-16 14:42:57.270	22.64	22.51	22.22	21.82	23.01	22.37	22.12	20.74	22.33	 902.95	  -0.29	1184.98	1009.86	6.800E-6	1195.89	   0.11
2024-02-16 14:42:58.270	22.66	22.44	22.21	21.86	23.03	22.31	22.14	20.77	22.33	 903.30	  -0.29	1184.94	1010.84	6.500E-6	1195.90	   0.10
2024-02-16 14:42:59.271	22.64	22.47	22.17	21.86	23.06	22.25	22.13	20.81	22.33	 903.47	  -0.29	1184.94	1010.55	6.400E-6	1195.90	   0.08
2024-02-16 14:43:00.270	22.59	22.53	22.16	21.52	23.08	22.27	22.08	20.88	22.33	 903.23	  -0.29	1184.40	1010.64	6.400E-6	1195.91	   0.10
2024-02-16 14:43:01.270	22.55	22.55	22.12	22.02	23.14	22.33	22.01	20.89	22.33	 903.14	  -0.29	1184.62	1010.60	6.500E-6	1195.90	   0.11
2024-02-16 14:43:02.272	22.57	22.55	22.17	22.37	23.10	22.38	22.03	20.80	22.33	 903.83	  -0.29	1185.73	1009.25	6.500E-6	1195.88	   0.11
2024-02-16 14:43:03.271	22.60	22.50	22.23	22.39	23.04	22.36	22.10	20.77	22.33	 903.50	  -0.29	1185.91	1009.94	6.400E-6	1195.89	   0.12
2024-02-16 14:43:04.271	22.61	22.48	22.20	22.60	23.09	22.31	22.10	20.82	22.33	 903.27	  -0.29	1184.98	1009.98	6.500E-6	1195.90	   0.12
2024-02-16 14:43:05.271	22.61	22.51	22.18	22.41	23.12	22.34	22.02	20.82	22.33	 903.13	  -0.29	1185.01	1009.53	6.600E-6	1195.92	   0.12
2024-02-16 14:43:06.271	22.61	22.54	22.21	22.04	23.11	22.39	22.04	20.75	22.33	 903.14	  -0.29	1185.66	1008.68	6.900E-6	1195.95	   0.16
2024-02-16 14:43:07.272	22.62	22.48	22.21	21.97	23.06	22.36	22.13	20.77	22.33	 903.58	  -0.29	1185.59	1008.47	6.600E-6	1195.96	   0.15
2024-02-16 14:43:08.271	22.60	22.47	22.15	21.96	23.04	22.33	22.12	20.82	22.33	 903.84	  -0.29	1185.16	1009.29	6.900E-6	1195.95	   0.12
2024-02-16 14:43:09.271	22.55	22.52	22.13	22.11	23.12	22.29	22.04	20.82	22.33	 903.62	  -0.29	1185.70	1009.45	6.400E-6	1195.95	   0.11
2024-02-16 14:43:10.272	22.53	22.55	22.16	22.26	23.14	22.30	22.01	20.78	22.33	 903.73	  -0.29	1185.91	1009.70	6.500E-6	1195.93	   0.13
2024-02-16 14:43:11.272	22.55	22.55	22.22	22.25	23.12	22.39	22.08	20.76	22.33	 904.25	  -0.29	1184.94	1010.51	6.400E-6	1195.91	   0.13
2024-02-16 14:43:12.271	22.60	22.51	22.20	22.01	23.07	22.39	22.15	20.78	22.33	 904.52	  -0.29	1184.83	1009.78	6.500E-6	1195.92	   0.11
2024-02-16 14:43:13.271	22.61	22.52	22.15	22.06	23.06	22.30	22.14	20.79	22.33	 904.08	  -0.29	1184.90	1008.68	6.400E-6	1195.90	   0.10
2024-02-16 14:43:14.272	22.58	22.56	22.12	22.28	23.11	22.30	22.09	20.83	22.33	 903.52	  -0.29	1184.90	1009.08	6.300E-6	1195.92	   0.10
2024-02-16 14:43:15.271	22.52	22.59	22.14	22.20	23.13	22.35	22.07	20.84	22.33	 903.56	  -0.29	1185.41	1009.49	6.500E-6	1195.93	   0.11
2024-02-16 14:43:16.271	22.53	22.57	22.19	22.42	23.12	22.37	22.07	20.81	22.33	 903.62	  -0.29	1185.73	1009.66	6.400E-6	1195.91	   0.11
2024-02-16 14:43:17.272	22.61	22.53	22.21	22.48	23.08	22.35	22.12	20.79	22.33	 904.10	  -0.29	1186.38	1009.94	6.500E-6	1195.89	   0.09
2024-02-16 14:43:18.271	22.64	22.48	22.18	22.25	23.06	22.32	22.17	20.81	22.33	 904.61	  -0.29	1185.77	1010.02	6.500E-6	1195.91	   0.10
2024-02-16 14:43:19.272	22.61	22.46	22.20	22.15	23.06	22.30	22.14	20.81	22.33	 903.75	  -0.29	1185.16	1010.27	6.600E-6	1195.90	   0.11
2024-02-16 14:43:20.271	22.57	22.43	22.18	22.26	23.08	22.24	22.14	20.82	22.33	 902.67	  -0.29	1185.48	1010.06	6.200E-6	1195.91	   0.11
2024-02-16 14:43:21.271	22.59	22.49	22.13	22.03	23.09	22.27	22.12	20.86	22.33	 903.34	  -0.29	1185.44	1009.33	6.200E-6	1195.91	   0.11
2024-02-16 14:43:22.271	22.61	22.51	22.12	21.87	23.13	22.29	22.09	20.90	22.33	 903.62	  -0.29	1185.63	1008.88	6.400E-6	1195.91	   0.11
2024-02-16 14:43:23.272	22.58	22.51	22.10	21.92	23.17	22.30	22.07	20.89	22.32	 903.71	  -0.29	1185.91	1009.62	6.400E-6	1195.90	   0.10
2024-02-16 14:43:24.271	22.55	22.51	22.11	22.01	23.12	22.27	22.13	20.87	22.32	 903.68	  -0.29	1186.53	1008.80	6.300E-6	1195.90	   0.11
2024-02-16 14:43:25.274	22.52	22.47	22.14	22.66	23.07	22.25	22.18	20.84	22.32	 902.86	  -0.29	1186.56	1009.78	6.400E-6	1195.92	   0.10
2024-02-16 14:43:26.274	22.52	22.47	22.18	22.32	23.03	22.26	22.19	20.83	22.32	 903.13	  -0.29	1185.99	1010.06	6.400E-6	1195.89	   0.09
2024-02-16 14:43:27.274	22.58	22.45	22.19	22.34	23.02	22.24	22.17	20.87	22.32	 903.68	  -0.29	1186.09	1007.53	6.500E-6	1195.91	   0.10
2024-02-16 14:43:28.273	22.60	22.43	22.19	22.41	23.02	22.26	22.18	20.85	22.32	 903.94	  -0.29	1186.38	1007.41	6.500E-6	1195.91	   0.13
2024-02-16 14:43:29.284	22.59	22.44	22.19	22.09	23.01	22.27	22.21	20.82	22.32	 903.60	  -0.29	1186.56	1007.62	6.400E-6	1195.89	   0.14
2024-02-16 14:43:30.286	22.60	22.43	22.22	22.27	23.00	22.29	22.20	20.80	22.32	 903.42	  -0.29	1186.38	1008.02	6.300E-6	1195.90	   0.13
2024-02-16 14:43:31.286	22.56	22.47	22.23	22.50	23.01	22.31	22.16	20.81	22.32	 903.49	  -0.29	1185.91	1010.15	6.400E-6	1195.91	   0.13
2024-02-16 14:43:32.285	22.48	22.54	22.21	22.63	23.07	22.30	22.13	20.83	22.32	 903.86	  -0.29	1185.44	1010.43	6.300E-6	1195.90	   0.13
2024-02-16 14:43:33.286	22.49	22.52	22.24	22.64	23.06	22.31	22.17	20.76	22.32	 904.14	  -0.29	1185.08	1008.96	6.300E-6	1195.89	   0.11
2024-02-16 14:43:34.286	22.62	22.52	22.26	21.96	23.04	22.39	22.14	20.69	22.32	 903.43	  -0.29	1185.26	1009.49	6.300E-6	1195.96	   0.11
2024-02-16 14:43:35.286	22.67	22.58	22.19	21.91	23.08	22.44	22.07	20.69	22.32	 903.30	  -0.29	1185.37	1010.55	6.200E-6	1195.94	   0.12
2024-02-16 14:43:36.287	22.63	22.58	22.11	22.57	23.18	22.38	22.01	20.79	22.32	 903.19	  -0.29	1185.48	1010.31	6.400E-6	1195.87	   0.11
2024-02-16 14:43:37.288	22.61	22.53	22.06	22.62	23.21	22.28	22.01	20.88	22.32	 903.54	  -0.29	1185.73	1010.15	6.300E-6	1195.88	   0.11
2024-02-16 14:43:38.287	22.65	22.48	22.04	22.36	23.15	22.25	22.01	20.86	22.32	 903.64	  -0.29	1185.91	1010.31	6.300E-6	1195.90	   0.10
2024-02-16 14:43:39.288	22.70	22.44	22.09	22.56	23.12	22.28	22.07	20.85	22.32	 903.22	  -0.29	1185.26	1010.02	6.100E-6	1195.90	   0.10
2024-02-16 14:43:40.288	22.69	22.49	22.14	22.92	23.10	22.36	22.04	20.80	22.32	 903.36	  -0.29	1185.81	1009.21	6.200E-6	1195.93	   0.12
2024-02-16 14:43:41.289	22.63	22.53	22.12	22.52	23.15	22.37	21.96	20.80	22.32	 903.55	  -0.29	1185.77	1009.98	6.200E-6	1195.95	   0.12
2024-02-16 14:43:42.289	22.59	22.54	22.08	22.37	23.19	22.33	21.97	20.86	22.32	 903.99	  -0.29	1184.76	1010.92	6.200E-6	1195.97	   0.11
2024-02-16 14:43:43.290	22.61	22.52	22.04	22.16	23.20	22.28	22.03	20.85	22.32	 904.07	  -0.29	1185.16	1010.51	6.300E-6	1195.99	   0.11
2024-02-16 14:43:44.291	22.66	22.46	22.08	22.04	23.16	22.29	22.03	20.80	22.32	 904.01	  -0.29	1186.42	1009.70	6.300E-6	1195.96	   0.10
2024-02-16 14:43:45.291	22.69	22.46	22.14	21.89	23.12	22.32	22.05	20.82	22.31	 903.57	  -0.29	1185.88	1010.72	6.300E-6	1195.92	   0.10
2024-02-16 14:43:46.291	22.63	22.49	22.16	21.76	23.10	22.31	22.04	20.84	22.31	 903.56	  -0.29	1185.30	1010.76	6.300E-6	1195.95	   0.11
2024-02-16 14:43:47.291	22.60	22.51	22.10	22.02	23.13	22.31	21.97	20.85	22.31	 903.64	  -0.29	1185.55	1009.98	6.400E-6	1195.93	   0.11
2024-02-16 14:43:48.291	22.61	22.53	22.09	22.14	23.18	22.29	21.99	20.83	22.31	 903.27	  -0.29	1185.59	1009.53	6.300E-6	1195.89	   0.11
2024-02-16 14:43:49.291	22.59	22.52	22.10	21.71	23.17	22.28	22.09	20.78	22.31	 903.74	  -0.29	1185.73	1009.13	6.400E-6	1195.92	   0.10
2024-02-16 14:43:50.292	22.58	22.51	22.12	22.02	23.10	22.32	22.13	20.73	22.31	 903.85	  -0.29	1185.48	1008.68	6.400E-6	1195.92	   0.10
2024-02-16 14:43:51.292	22.61	22.52	22.13	22.61	23.05	22.31	22.11	20.72	22.31	 903.41	  -0.29	1185.84	1008.02	6.400E-6	1195.92	   0.11
2024-02-16 14:43:52.291	22.67	22.52	22.15	22.44	23.03	22.32	22.10	20.73	22.31	 902.96	  -0.29	1185.52	1008.31	6.400E-6	1195.93	   0.12
2024-02-16 14:43:53.292	22.67	22.52	22.20	21.98	23.02	22.38	22.12	20.71	22.32	 902.41	  -0.29	1185.37	1009.62	6.300E-6	1195.90	   0.12
2024-02-16 14:43:54.292	22.62	22.56	22.17	21.81	23.06	22.42	22.10	20.73	22.32	 902.32	  -0.29	1185.73	1009.82	6.400E-6	1195.87	   0.11
2024-02-16 14:43:55.292	22.61	22.58	22.12	21.71	23.13	22.40	22.03	20.78	22.32	 902.52	  -0.29	1185.23	1009.70	6.600E-6	1195.90	   0.11
2024-02-16 14:43:56.292	22.59	22.55	22.09	21.99	23.16	22.35	21.99	20.86	22.32	 902.77	  -0.29	1185.73	1010.39	6.400E-6	1195.94	   0.12
2024-02-16 14:43:57.292	22.54	22.52	22.11	21.91	23.15	22.29	22.06	20.91	22.32	 903.12	  -0.29	1185.34	1009.82	6.500E-6	1195.92	   0.10
2024-02-16 14:43:58.292	22.50	22.50	22.14	22.49	23.10	22.26	22.12	20.87	22.32	 903.26	  -0.29	1185.30	1009.37	6.400E-6	1195.91	   0.10
2024-02-16 14:43:59.292	22.52	22.47	22.16	22.37	23.07	22.33	22.14	20.81	22.32	 903.67	  -0.29	1185.19	1009.86	6.300E-6	1195.92	   0.12
2024-02-16 14:44:00.293	22.62	22.51	22.19	22.21	23.05	22.38	22.16	20.74	22.31	 903.45	  -0.29	1185.05	1009.62	6.300E-6	1195.87	   0.12
2024-02-16 14:44:01.294	22.68	22.55	22.20	22.10	23.10	22.38	22.10	20.73	22.31	 903.38	  -0.29	1185.66	1010.35	6.600E-6	1195.89	   0.11
2024-02-16 14:44:02.295	22.64	22.53	22.15	22.00	23.18	22.33	22.00	20.80	22.31	 904.11	  -0.29	1185.84	1011.13	6.200E-6	1195.90	   0.11
2024-02-16 14:44:03.295	22.58	22.50	22.08	22.30	23.17	22.24	22.00	20.90	22.31	 904.44	  -0.29	1186.02	1009.57	6.400E-6	1195.86	   0.11
2024-02-16 14:44:04.295	22.54	22.45	22.10	22.27	23.11	22.20	22.05	20.93	22.31	 904.08	  -0.29	1186.13	1008.31	6.500E-6	1195.92	   0.12
2024-02-16 14:44:05.295	22.52	22.46	22.15	22.17	23.07	22.21	22.15	20.89	22.32	 902.89	  -0.29	1186.60	1009.25	6.400E-6	1195.96	   0.11
2024-02-16 14:44:06.295	22.55	22.45	22.21	21.95	23.04	22.26	22.17	20.81	22.31	 902.82	  -0.29	1186.13	1010.47	6.400E-6	1195.94	   0.10
2024-02-16 14:44:07.295	22.64	22.47	22.20	22.06	23.03	22.33	22.12	20.74	22.31	 903.15	  -0.29	1185.66	1009.82	6.500E-6	1195.94	   0.12
2024-02-16 14:44:08.295	22.70	22.46	22.16	22.17	23.07	22.31	22.10	20.74	22.31	 903.05	  -0.29	1185.63	1009.49	6.600E-6	1195.92	   0.14
2024-02-16 14:44:09.295	22.62	22.42	22.10	21.98	23.10	22.20	22.12	20.79	22.31	 903.83	  -0.29	1185.73	1009.66	6.200E-6	1195.88	   0.12
2024-02-16 14:44:10.296	22.50	22.47	22.09	22.11	23.04	22.19	22.13	20.83	22.31	 903.58	  -0.29	1185.66	1009.41	6.200E-6	1195.87	   0.11
2024-02-16 14:44:11.296	22.52	22.53	22.09	22.37	23.09	22.27	22.04	20.79	22.31	 903.14	  -0.29	1184.58	1010.35	6.300E-6	1195.85	   0.12
2024-02-16 14:44:12.296	22.54	22.53	22.11	22.33	23.15	22.28	22.00	20.84	22.31	 903.17	  -0.29	1184.58	1009.90	6.300E-6	1195.85	   0.12
2024-02-16 14:44:13.296	22.54	22.56	22.15	22.14	23.11	22.29	22.03	20.83	22.31	 903.18	  -0.29	1185.59	1009.41	6.300E-6	1195.85	   0.10
2024-02-16 14:44:14.296	22.61	22.59	22.15	22.10	23.10	22.34	22.06	20.70	22.31	 903.55	  -0.29	1185.99	1010.02	6.300E-6	1195.87	   0.09
2024-02-16 14:44:15.296	22.72	22.49	22.14	22.29	23.08	22.30	22.11	20.75	22.31	 903.92	  -0.29	1185.34	1010.19	6.600E-6	1195.93	   0.11
2024-02-16 14:44:16.297	22.66	22.40	22.16	21.89	23.07	22.23	22.14	20.85	22.31	 904.05	  -0.29	1185.23	1009.78	6.500E-6	1195.95	   0.11
2024-02-16 14:44:17.297	22.55	22.42	22.15	21.89	23.12	22.19	22.11	20.88	22.31	 903.53	  -0.29	1185.48	1008.92	6.500E-6	1195.90	   0.09
2024-02-16 14:44:18.297	22.48	22.47	22.15	22.02	23.12	22.20	22.08	20.91	22.31	 903.83	  -0.29	1186.35	1008.84	6.200E-6	1195.88	   0.11
2024-02-16 14:44:19.298	22.49	22.48	22.20	22.60	23.09	22.26	22.08	20.84	22.31	 903.62	  -0.29	1186.60	1009.66	6.400E-6	1195.90	   0.12
2024-02-16 14:44:20.298	22.50	22.52	22.26	22.83	23.02	22.32	22.05	20.71	22.31	 903.34	  -0.29	1186.20	1009.70	6.200E-6	1195.86	   0.11
2024-02-16 14:44:21.298	22.52	22.52	22.27	22.11	22.96	22.32	22.14	20.79	22.31	 903.15	  -0.29	1185.26	1009.41	6.300E-6	1195.84	   0.10
2024-02-16 14:44:22.298	22.53	22.51	22.22	22.28	23.06	22.28	22.16	20.83	22.31	 903.00	  -0.29	1184.04	1009.66	6.200E-6	1195.89	   0.09
2024-02-16 14:44:23.300	22.60	22.52	22.11	22.38	23.16	22.27	22.07	20.80	22.31	 903.46	  -0.29	1184.80	1009.49	6.200E-6	1195.92	   0.10
2024-02-16 14:44:24.300	22.69	22.47	22.09	22.64	23.14	22.24	22.08	20.88	22.31	 903.67	  -0.29	1184.98	1008.88	6.200E-6	1195.87	   0.11
2024-02-16 14:44:25.299	22.68	22.43	22.08	22.35	23.11	22.23	22.10	20.93	22.31	 903.56	  -0.29	1185.63	1009.08	6.100E-6	1195.87	   0.10
2024-02-16 14:44:26.299	22.69	22.43	22.08	21.88	23.07	22.27	22.07	20.86	22.31	 903.25	  -0.29	1186.13	1009.25	6.100E-6	1195.90	   0.11
2024-02-16 14:44:27.299	22.71	22.44	22.14	22.38	23.07	22.30	22.10	20.85	22.31	 902.77	  -0.29	1185.19	1009.08	6.300E-6	1195.89	   0.11
2024-02-16 14:44:28.300	22.71	22.43	22.17	22.26	23.07	22.30	22.09	20.85	22.31	 902.88	  -0.29	1185.37	1009.33	6.200E-6	1195.88	   0.10
2024-02-16 14:44:29.299	22.66	22.44	22.18	22.04	23.05	22.28	22.05	20.83	22.31	 903.64	  -0.29	1184.44	1009.45	6.200E-6	1195.92	   0.09
2024-02-16 14:44:30.299	22.60	22.45	22.20	21.94	23.07	22.29	22.04	20.82	22.31	 903.74	  -0.29	1183.75	1010.02	6.300E-6	1195.91	   0.11
2024-02-16 14:44:31.300	22.53	22.48	22.24	22.11	23.08	22.32	22.04	20.79	22.31	 903.30	  -0.29	1185.19	1010.23	6.200E-6	1195.87	   0.11
2024-02-16 14:44:32.299	22.52	22.53	22.23	22.44	23.07	22.36	22.07	20.78	22.31	 902.86	  -0.29	1185.95	1010.15	6.300E-6	1195.85	   0.11
2024-02-16 14:44:33.299	22.55	22.60	22.16	22.23	23.12	22.35	22.05	20.82	22.31	 903.12	  -0.29	1185.12	1010.15	6.200E-6	1195.81	   0.11
2024-02-16 14:44:34.299	22.54	22.56	22.07	22.17	23.18	22.29	21.97	20.88	22.31	 903.21	  -0.29	1185.70	1010.31	6.200E-6	1195.86	   0.11
2024-02-16 14:44:35.299	22.53	22.45	22.07	22.48	23.18	22.19	21.99	20.96	22.31	 903.84	  -0.29	1185.16	1009.33	6.400E-6	1195.90	   0.11
2024-02-16 14:44:36.299	22.54	22.45	22.14	22.91	23.11	22.18	22.10	20.94	22.31	 903.83	  -0.29	1184.65	1009.00	6.300E-6	1195.91	   0.11
2024-02-16 14:44:37.300	22.56	22.49	22.20	22.90	23.01	22.21	22.14	20.85	22.31	 903.70	  -0.29	1185.30	1009.98	6.100E-6	1195.92	   0.11
2024-02-16 14:44:38.299	22.59	22.51	22.18	22.81	23.01	22.27	22.12	20.76	22.31	 903.71	  -0.29	1185.52	1009.98	6.400E-6	1195.89	   0.10
2024-02-16 14:44:39.299	22.67	22.51	22.16	23.05	23.09	22.28	22.14	20.77	22.31	 903.56	  -0.29	1185.55	1009.29	6.700E-6	1195.88	   0.09
2024-02-16 14:44:40.299	22.69	22.43	22.15	22.97	23.09	22.25	22.15	20.81	22.31	 903.64	  -0.29	1185.70	1008.43	6.400E-6	1195.89	   0.09
2024-02-16 14:44:41.299	22.64	22.42	22.18	22.81	23.03	22.28	22.14	20.78	22.31	 903.49	  -0.29	1186.35	1008.47	6.600E-6	1195.92	   0.11
2024-02-16 14:44:42.300	22.62	22.52	22.22	22.27	23.02	22.35	22.10	20.76	22.31	 903.54	  -0.29	1185.52	1009.94	6.900E-6	1195.92	   0.12
2024-02-16 14:44:43.299	22.63	22.61	22.14	22.12	23.13	22.36	22.03	20.79	22.31	 903.64	  -0.29	1185.05	1010.68	7.000E-6	1195.89	   0.12
2024-02-16 14:44:44.299	22.56	22.59	22.10	22.13	23.23	22.23	22.01	20.87	22.31	 903.36	  -0.29	1185.63	1009.62	7.100E-6	1195.85	   0.11
2024-02-16 14:44:45.300	22.47	22.56	22.13	22.11	23.15	22.18	22.08	20.90	22.31	 902.93	  -0.29	1184.94	1010.80	7.200E-6	1195.88	   0.10
2024-02-16 14:44:46.300	22.49	22.56	22.13	22.22	23.10	22.22	22.08	20.84	22.31	 903.54	  -0.29	1184.94	1010.72	7.000E-6	1195.91	   0.11
2024-02-16 14:44:47.299	22.56	22.55	22.07	22.48	23.17	22.22	22.02	20.81	22.31	 904.03	  -0.29	1185.19	1009.70	6.500E-6	1195.86	   0.13
2024-02-16 14:44:48.299	22.54	22.48	22.05	22.40	23.19	22.22	22.06	20.90	22.31	 903.52	  -0.29	1184.76	1008.84	6.600E-6	1195.85	   0.11
2024-02-16 14:44:49.299	22.58	22.40	22.09	22.40	23.10	22.21	22.12	20.93	22.31	 903.51	  -0.29	1185.66	1008.27	6.400E-6	1195.86	   0.11
2024-02-16 14:44:50.299	22.62	22.36	22.11	22.35	23.03	22.19	22.15	20.86	22.31	 903.36	  -0.29	1185.73	1009.25	6.400E-6	1195.89	   0.13
2024-02-16 14:44:51.300	22.58	22.38	22.18	22.51	23.02	22.20	22.19	20.85	22.31	 903.55	  -0.29	1185.81	1008.88	6.900E-6	1195.89	   0.13
2024-02-16 14:44:52.300	22.60	22.43	22.25	22.33	22.98	22.28	22.20	20.80	22.31	 904.05	  -0.29	1186.06	1009.66	6.900E-6	1195.90	   0.14
2024-02-16 14:44:53.301	22.63	22.44	22.22	22.09	22.99	22.34	22.15	20.72	22.31	 903.60	  -0.29	1185.95	1009.62	6.700E-6	1195.90	   0.12
2024-02-16 14:44:54.302	22.67	22.49	22.18	21.82	23.07	22.35	22.09	20.72	22.31	 903.34	  -0.29	1185.91	1008.96	6.800E-6	1195.89	   0.10
2024-02-16 14:44:55.302	22.66	22.55	22.19	21.37	23.09	22.38	22.07	20.75	22.30	 903.11	  -0.29	1186.45	1008.88	6.300E-6	1195.89	   0.11
2024-02-16 14:44:56.301	22.60	22.60	22.17	21.57	23.12	22.36	22.05	20.76	22.30	 903.34	  -0.29	1186.71	1008.92	7.200E-6	1195.87	   0.11
2024-02-16 14:44:57.302	22.57	22.61	22.08	21.82	23.18	22.34	22.03	20.83	22.30	 903.58	  -0.29	1185.95	1009.41	6.600E-6	1195.88	   0.12
2024-02-16 14:44:58.301	22.56	22.58	22.06	22.21	23.17	22.29	22.04	20.86	22.30	 903.77	  -0.29	1185.59	1009.25	6.100E-6	1195.91	   0.12
2024-02-16 14:44:59.301	22.57	22.57	22.09	22.37	23.18	22.22	22.05	20.79	22.30	 903.52	  -0.29	1185.81	1009.94	6.300E-6	1195.91	   0.13
2024-02-16 14:45:00.302	22.59	22.53	22.08	22.15	23.21	22.20	22.03	20.84	22.30	 903.69	  -0.29	1185.66	1009.90	6.700E-6	1195.88	   0.13
2024-02-16 14:45:01.301	22.57	22.51	22.06	21.99	23.20	22.18	22.02	20.89	22.30	 903.67	  -0.29	1186.20	1008.31	6.800E-6	1195.88	   0.11
2024-02-16 14:45:02.301	22.50	22.51	22.07	22.32	23.14	22.17	22.07	20.93	22.30	 903.53	  -0.29	1186.09	1008.23	6.000E-6	1195.86	   0.11
2024-02-16 14:45:03.302	22.49	22.50	22.13	22.38	23.08	22.17	22.12	20.93	22.30	 903.74	  -0.29	1185.48	1010.02	6.300E-6	1195.86	   0.12
2024-02-16 14:45:04.301	22.49	22.48	22.13	22.23	23.05	22.19	22.13	20.92	22.30	 903.73	  -0.29	1184.83	1009.82	6.800E-6	1195.88	   0.12
2024-02-16 14:45:05.301	22.49	22.50	22.13	22.31	23.07	22.18	22.14	20.90	22.30	 903.49	  -0.29	1184.87	1010.51	6.200E-6	1195.89	   0.12
2024-02-16 14:45:06.301	22.50	22.54	22.16	22.40	23.08	22.20	22.14	20.85	22.31	 903.75	  -0.29	1184.58	1011.04	6.100E-6	1195.91	   0.11
2024-02-16 14:45:07.302	22.47	22.48	22.16	22.29	23.06	22.18	22.10	20.89	22.31	 903.36	  -0.29	1184.69	1009.21	6.500E-6	1195.91	   0.11
2024-02-16 14:45:08.301	22.50	22.42	22.12	22.14	23.07	22.14	22.10	20.95	22.30	 903.05	  -0.29	1185.08	1009.29	6.600E-6	1195.92	   0.13
2024-02-16 14:45:09.301	22.50	22.50	22.10	22.22	23.07	22.19	22.10	20.91	22.30	 903.55	  -0.29	1184.58	1010.51	6.500E-6	1195.89	   0.13
2024-02-16 14:45:10.301	22.49	22.54	22.18	22.52	23.04	22.26	22.09	20.84	22.30	 903.68	  -0.29	1185.26	1010.15	6.500E-6	1195.86	   0.11
2024-02-16 14:45:11.301	22.51	22.54	22.21	22.39	23.05	22.31	22.08	20.82	22.30	 903.94	  -0.29	1185.55	1010.19	6.100E-6	1195.89	   0.10
2024-02-16 14:45:12.302	22.54	22.59	22.14	22.06	23.09	22.31	22.05	20.82	22.30	 903.59	  -0.29	1185.52	1009.13	6.500E-6	1195.86	   0.11
2024-02-16 14:45:13.302	22.56	22.55	22.08	22.36	23.11	22.22	22.07	20.86	22.30	 903.19	  -0.29	1185.70	1007.70	7.300E-6	1195.85	   0.11
2024-02-16 14:45:14.301	22.57	22.45	22.11	22.84	23.06	22.19	22.16	20.83	22.30	 903.23	  -0.29	1185.66	1008.68	7.600E-6	1195.89	   0.11
2024-02-16 14:45:15.302	22.64	22.47	22.16	22.41	23.06	22.28	22.14	20.73	22.30	 903.21	  -0.29	1185.84	1009.78	6.600E-6	1195.88	   0.11
2024-02-16 14:45:16.301	22.65	22.48	22.19	22.10	23.04	22.25	22.12	20.77	22.30	 903.50	  -0.29	1185.70	1010.02	7.000E-6	1195.87	   0.11
2024-02-16 14:45:17.302	22.57	22.51	22.25	22.43	22.99	22.29	22.12	20.78	22.30	 904.02	  -0.29	1186.31	1010.15	6.600E-6	1195.88	   0.10
2024-02-16 14:45:18.302	22.58	22.51	22.22	22.43	23.02	22.33	22.06	20.78	22.30	 903.99	  -0.29	1185.81	1010.55	6.500E-6	1195.88	   0.08
2024-02-16 14:45:19.302	22.58	22.47	22.20	22.03	23.10	22.31	22.05	20.83	22.30	 902.97	  -0.29	1185.01	1009.37	6.500E-6	1195.92	   0.10
2024-02-16 14:45:20.302	22.57	22.54	22.19	22.11	23.07	22.30	22.09	20.80	22.30	 903.08	  -0.29	1185.30	1009.78	6.400E-6	1195.90	   0.12
2024-02-16 14:45:21.301	22.64	22.52	22.18	22.15	23.06	22.26	22.11	20.78	22.30	 903.90	  -0.29	1185.81	1009.53	6.500E-6	1195.92	   0.11
2024-02-16 14:45:22.302	22.62	22.42	22.21	22.07	23.02	22.27	22.17	20.78	22.30	 903.47	  -0.29	1185.70	1008.84	6.600E-6	1195.93	   0.11
2024-02-16 14:45:23.302	22.63	22.48	22.20	21.97	23.03	22.29	22.15	20.79	22.30	 903.58	  -0.29	1184.80	1010.51	6.300E-6	1195.87	   0.11
2024-02-16 14:45:24.302	22.64	22.49	22.21	22.17	23.06	22.25	22.16	20.82	22.30	 904.09	  -0.29	1185.12	1010.88	6.500E-6	1195.88	   0.11
2024-02-16 14:45:25.301	22.62	22.46	22.19	22.11	23.05	22.22	22.13	20.81	22.30	 903.90	  -0.29	1184.98	1010.35	6.600E-6	1195.92	   0.12
2024-02-16 14:45:26.302	22.59	22.51	22.14	22.12	23.11	22.18	22.07	20.81	22.30	 903.60	  -0.29	1185.41	1010.55	6.700E-6	1195.92	   0.11
2024-02-16 14:45:27.302	22.54	22.50	22.15	22.28	23.11	22.22	22.05	20.81	22.30	 904.30	  -0.29	1185.16	1009.62	6.900E-6	1195.93	   0.13
2024-02-16 14:45:28.302	22.57	22.50	22.17	21.59	23.09	22.29	22.05	20.78	22.30	 903.97	  -0.29	1184.44	1009.94	7.200E-6	1195.92	   0.11
2024-02-16 14:45:29.301	22.60	22.51	22.22	21.49	23.07	22.26	22.09	20.78	22.30	 903.59	  -0.29	1185.48	1010.51	7.300E-6	1195.87	   0.10
2024-02-16 14:45:30.303	22.58	22.52	22.22	22.37	23.06	22.29	22.11	20.78	22.30	 904.07	  -0.29	1186.24	1010.31	6.500E-6	1195.87	   0.11
2024-02-16 14:45:31.304	22.62	22.51	22.16	22.57	23.12	22.32	22.07	20.82	22.30	 903.68	  -0.29	1186.45	1009.49	6.900E-6	1195.90	   0.13
2024-02-16 14:45:32.304	22.64	22.46	22.17	22.64	23.07	22.29	22.13	20.85	22.30	 903.94	  -0.29	1185.95	1008.39	6.800E-6	1195.90	   0.14
2024-02-16 14:45:33.305	22.64	22.47	22.16	22.70	23.05	22.29	22.18	20.79	22.30	 903.88	  -0.29	1186.56	1008.02	6.800E-6	1195.86	   0.13
2024-02-16 14:45:34.305	22.60	22.43	22.15	22.22	23.08	22.24	22.12	20.80	22.30	 903.42	  -0.29	1186.45	1008.72	7.500E-6	1195.87	   0.13
2024-02-16 14:45:35.306	22.54	22.51	22.14	22.04	23.12	22.21	22.06	20.86	22.30	 903.75	  -0.29	1185.66	1009.29	7.200E-6	1195.90	   0.13
2024-02-16 14:45:36.306	22.59	22.57	22.10	22.59	23.20	22.21	22.01	20.86	22.30	 903.49	  -0.29	1185.37	1010.15	7.400E-6	1195.86	   0.14
2024-02-16 14:45:37.306	22.62	22.47	22.15	22.51	23.17	22.22	22.01	20.86	22.30	 903.11	  -0.29	1184.54	1011.04	7.200E-6	1195.85	   0.14
2024-02-16 14:45:38.306	22.61	22.41	22.22	22.54	23.03	22.25	22.11	20.86	22.30	 903.49	  -0.29	1183.90	1009.94	7.500E-6	1195.86	   0.12
2024-02-16 14:45:39.306	22.59	22.38	22.24	23.01	22.97	22.22	22.18	20.85	22.30	 903.35	  -0.29	1184.36	1008.88	7.500E-6	1195.86	   0.13
2024-02-16 14:45:40.306	22.55	22.39	22.26	21.88	22.98	22.21	22.16	20.79	22.30	 903.18	  -0.29	1185.84	1009.13	6.700E-6	1195.88	   0.13
2024-02-16 14:45:41.306	22.56	22.42	22.24	21.64	22.97	22.27	22.18	20.79	22.30	 903.45	  -0.29	1185.52	1008.92	7.000E-6	1195.88	   0.12
2024-02-16 14:45:42.306	22.59	22.44	22.22	22.08	23.00	22.29	22.18	20.79	22.30	 903.23	  -0.29	1184.87	1009.21	6.800E-6	1195.88	   0.11
2024-02-16 14:45:43.306	22.58	22.49	22.16	22.43	23.06	22.27	22.15	20.79	22.30	 903.14	  -0.29	1185.12	1010.72	6.800E-6	1195.88	   0.12
2024-02-16 14:45:44.306	22.58	22.55	22.09	22.85	23.15	22.24	22.03	20.82	22.30	 903.50	  -0.29	1185.16	1010.96	6.600E-6	1195.88	   0.12
2024-02-16 14:45:45.306	22.56	22.53	22.06	22.36	23.22	22.20	21.94	20.88	22.30	 903.13	  -0.29	1185.48	1009.98	6.500E-6	1195.90	   0.12
2024-02-16 14:45:46.306	22.52	22.50	22.08	22.04	23.18	22.17	22.03	20.93	22.30	 903.45	  -0.29	1185.23	1009.74	7.200E-6	1195.90	   0.12
2024-02-16 14:45:47.306	22.47	22.51	22.15	22.18	23.09	22.19	22.06	20.87	22.30	 904.03	  -0.29	1184.51	1009.70	7.600E-6	1195.88	   0.12
2024-02-16 14:45:48.306	22.46	22.53	22.18	22.08	23.06	22.21	22.07	20.84	22.30	 903.91	  -0.29	1183.43	1009.45	7.500E-6	1195.88	   0.10
2024-02-16 14:45:49.306	22.49	22.56	22.20	22.34	23.07	22.26	22.11	20.81	22.30	 903.35	  -0.29	1184.58	1008.76	7.400E-6	1195.87	   0.11
2024-02-16 14:45:50.306	22.55	22.60	22.21	22.64	23.08	22.30	22.10	20.75	22.30	 903.37	  -0.29	1186.31	1009.53	7.000E-6	1195.87	   0.12
2024-02-16 14:45:51.306	22.62	22.53	22.17	22.75	23.11	22.28	22.11	20.76	22.30	 903.66	  -0.29	1185.59	1009.78	7.500E-6	1195.88	   0.09
2024-02-16 14:45:52.306	22.64	22.44	22.13	22.48	23.13	22.18	22.12	20.84	22.30	 903.65	  -0.29	1185.91	1009.82	7.300E-6	1195.91	   0.08
2024-02-16 14:45:53.306	22.56	22.47	22.15	22.92	23.10	22.14	22.10	20.89	22.30	 903.49	  -0.29	1185.99	1009.98	7.500E-6	1195.89	   0.10
2024-02-16 14:45:54.306	22.51	22.51	22.17	22.43	23.06	22.20	22.08	20.87	22.30	 903.10	  -0.29	1184.87	1009.00	7.800E-6	1195.83	   0.11
2024-02-16 14:45:55.306	22.55	22.50	22.19	21.58	23.02	22.22	22.13	20.81	22.30	 903.19	  -0.29	1185.37	1008.68	6.700E-6	1195.84	   0.10
2024-02-16 14:45:56.306	22.55	22.46	22.20	22.00	23.00	22.20	22.18	20.78	22.30	 903.19	  -0.29	1185.05	1009.53	6.700E-6	1195.87	   0.11
2024-02-16 14:45:57.306	22.49	22.45	22.17	22.47	23.03	22.16	22.22	20.86	22.30	 903.97	  -0.29	1184.22	1010.51	7.400E-6	1195.89	   0.10
2024-02-16 14:45:58.307	22.51	22.47	22.15	22.30	23.07	22.17	22.18	20.91	22.30	 903.94	  -0.29	1184.40	1009.62	6.300E-6	1195.91	   0.10
2024-02-16 14:45:59.307	22.57	22.56	22.10	22.25	23.11	22.21	22.07	20.82	22.30	 902.71	  -0.29	1185.48	1008.92	6.900E-6	1195.89	   0.12
2024-02-16 14:46:00.307	22.59	22.54	22.10	22.02	23.13	22.20	22.02	20.80	22.29	 902.69	  -0.29	1185.55	1009.49	6.500E-6	1195.84	   0.11
2024-02-16 14:46:01.307	22.55	22.51	22.21	22.11	23.08	22.25	22.10	20.80	22.29	 903.43	  -0.29	1184.76	1008.92	6.700E-6	1195.87	   0.10
2024-02-16 14:46:02.308	22.61	22.53	22.21	22.19	23.06	22.33	22.10	20.75	22.29	 902.99	  -0.29	1185.23	1008.84	6.900E-6	1195.91	   0.11
2024-02-16 14:46:03.307	22.69	22.49	22.18	21.80	23.08	22.29	22.07	20.77	22.30	 903.24	  -0.29	1186.06	1009.17	7.000E-6	1195.88	   0.11
2024-02-16 14:46:04.307	22.71	22.46	22.14	22.06	23.08	22.19	22.10	20.82	22.30	 904.07	  -0.29	1185.63	1009.66	6.600E-6	1195.83	   0.10
2024-02-16 14:46:05.307	22.65	22.44	22.20	22.09	23.03	22.18	22.12	20.85	22.30	 904.28	  -0.29	1185.66	1009.53	6.400E-6	1195.84	   0.11
2024-02-16 14:46:06.308	22.59	22.46	22.25	22.13	22.97	22.18	22.17	20.80	22.30	 904.14	  -0.29	1185.41	1009.70	6.700E-6	1195.88	   0.13
2024-02-16 14:46:07.308	22.59	22.49	22.23	22.69	22.96	22.25	22.19	20.76	22.30	 903.11	  -0.29	1185.66	1009.62	6.600E-6	1195.92	   0.14
2024-02-16 14:46:08.308	22.62	22.49	22.20	22.55	23.02	22.29	22.14	20.79	22.30	 902.48	  -0.29	1185.70	1009.82	6.700E-6	1195.89	   0.13
2024-02-16 14:46:09.309	22.63	22.43	22.15	22.14	23.08	22.20	22.12	20.91	22.30	 902.89	  -0.29	1184.80	1011.21	7.100E-6	1195.85	   0.11
2024-02-16 14:46:10.308	22.57	22.43	22.13	22.02	23.12	22.16	22.14	20.93	22.30	 903.62	  -0.29	1185.95	1009.98	6.900E-6	1195.92	   0.10
2024-02-16 14:46:11.308	22.52	22.56	22.10	21.78	23.13	22.16	22.12	20.85	22.30	 903.60	  -0.29	1186.35	1008.55	6.800E-6	1195.93	   0.10
2024-02-16 14:46:12.308	22.54	22.63	22.08	22.23	23.14	22.21	22.06	20.84	22.30	 903.23	  -0.29	1185.70	1009.29	6.400E-6	1195.84	   0.12
2024-02-16 14:46:13.308	22.57	22.55	22.12	22.43	23.12	22.22	22.05	20.89	22.30	 902.83	  -0.29	1185.99	1009.33	7.000E-6	1195.87	   0.14
2024-02-16 14:46:14.308	22.56	22.50	22.19	21.49	23.08	22.21	22.08	20.88	22.30	 902.73	  -0.29	1186.31	1009.13	6.900E-6	1195.91	   0.13
2024-02-16 14:46:15.308	22.57	22.53	22.25	21.85	23.02	22.25	22.13	20.80	22.29	 902.79	  -0.29	1185.81	1009.94	7.200E-6	1195.80	   0.11
2024-02-16 14:46:16.308	22.65	22.52	22.24	22.26	23.03	22.29	22.10	20.78	22.29	 903.10	  -0.29	1184.83	1011.37	6.700E-6	1195.82	   0.11
2024-02-16 14:46:17.310	22.67	22.48	22.22	21.89	23.09	22.25	22.10	20.82	22.29	 903.18	  -0.29	1185.48	1010.64	6.700E-6	1195.85	   0.11
2024-02-16 14:46:18.309	22.60	22.48	22.24	22.17	23.07	22.26	22.15	20.82	22.29	 903.02	  -0.29	1185.88	1009.66	6.600E-6	1195.82	   0.10
2024-02-16 14:46:19.309	22.56	22.53	22.24	22.58	23.04	22.32	22.15	20.78	22.29	 903.26	  -0.29	1185.37	1010.02	7.000E-6	1195.89	   0.12
2024-02-16 14:46:20.310	22.53	22.57	22.20	22.57	23.06	22.31	22.11	20.78	22.29	 903.15	  -0.29	1185.48	1009.49	6.700E-6	1195.87	   0.13
2024-02-16 14:46:21.309	22.55	22.56	22.15	22.05	23.14	22.27	22.04	20.82	22.29	 902.98	  -0.29	1185.63	1008.88	6.600E-6	1195.79	   0.11
2024-02-16 14:46:22.309	22.59	22.51	22.07	22.12	23.20	22.18	22.00	20.83	22.29	 903.11	  -0.29	1186.60	1009.04	6.700E-6	1195.87	   0.13
2024-02-16 14:46:23.310	22.58	22.47	22.10	22.72	23.17	22.11	22.05	20.88	22.29	 903.26	  -0.29	1186.49	1009.37	6.700E-6	1195.89	   0.13
2024-02-16 14:46:24.310	22.55	22.47	22.14	22.83	23.09	22.14	22.15	20.87	22.29	 903.78	  -0.29	1186.13	1008.60	7.400E-6	1195.85	   0.10
2024-02-16 14:46:25.310	22.57	22.51	22.08	22.37	23.11	22.22	22.12	20.85	22.29	 903.83	  -0.29	1185.48	1009.66	7.500E-6	1195.88	   0.11
2024-02-16 14:46:26.311	22.61	22.49	22.05	22.13	23.15	22.19	22.07	20.94	22.29	 903.88	  -0.29	1185.01	1009.94	7.400E-6	1195.90	   0.12
2024-02-16 14:46:27.310	22.55	22.44	22.07	22.45	23.13	22.16	22.11	20.95	22.29	 904.12	  -0.29	1185.95	1008.72	7.200E-6	1195.89	   0.13
2024-02-16 14:46:28.310	22.49	22.48	22.14	22.44	23.12	22.14	22.13	20.86	22.29	 903.15	  -0.29	1185.34	1009.78	6.500E-6	1195.86	   0.10
2024-02-16 14:46:29.311	22.58	22.49	22.13	22.07	23.12	22.15	22.11	20.83	22.29	 902.96	  -0.29	1185.37	1010.68	6.800E-6	1195.84	   0.10
2024-02-16 14:46:30.311	22.71	22.45	22.09	22.30	23.10	22.16	22.12	20.90	22.29	 903.25	  -0.29	1185.41	1010.47	6.700E-6	1195.83	   0.10
2024-02-16 14:46:31.310	22.62	22.45	22.16	22.66	23.04	22.18	22.17	20.90	22.29	 903.23	  -0.29	1184.76	1009.25	7.000E-6	1195.85	   0.11
2024-02-16 14:46:32.310	22.56	22.47	22.13	22.55	23.06	22.18	22.16	20.85	22.29	 903.71	  -0.29	1185.34	1008.11	6.500E-6	1195.86	   0.11
2024-02-16 14:46:33.311	22.63	22.40	22.08	22.48	23.10	22.12	22.14	20.90	22.29	 903.84	  -0.29	1185.63	1008.96	6.500E-6	1195.84	   0.11
2024-02-16 14:46:34.311	22.58	22.38	22.17	22.49	23.02	22.12	22.19	20.88	22.29	 903.66	  -0.29	1185.12	1010.31	6.600E-6	1195.89	   0.10
2024-02-16 14:46:35.311	22.59	22.45	22.22	22.24	22.99	22.17	22.18	20.83	22.29	 903.49	  -0.29	1185.48	1009.45	7.600E-6	1195.88	   0.10
2024-02-16 14:46:36.310	22.72	22.46	22.19	22.41	23.04	22.23	22.09	20.81	22.29	 903.47	  -0.29	1185.88	1008.60	7.800E-6	1195.83	   0.12
2024-02-16 14:46:37.311	22.67	22.50	22.14	22.23	23.11	22.25	22.04	20.78	22.29	 903.40	  -0.29	1185.55	1009.29	8.000E-6	1195.87	   0.12
2024-02-16 14:46:38.313	22.54	22.51	22.14	21.99	23.14	22.21	22.03	20.83	22.29	 903.14	  -0.29	1185.70	1008.80	7.900E-6	1195.89	   0.12
2024-02-16 14:46:39.313	22.52	22.54	22.16	22.25	23.15	22.20	22.04	20.87	22.29	 903.26	  -0.29	1184.65	1009.86	7.600E-6	1195.85	   0.12
2024-02-16 14:46:40.313	22.57	22.56	22.09	22.17	23.17	22.21	22.03	20.88	22.29	 903.74	  -0.29	1184.00	1010.68	6.600E-6	1195.88	   0.10
2024-02-16 14:46:41.313	22.57	22.50	22.04	22.27	23.14	22.15	22.06	20.91	22.29	 903.52	  -0.29	1184.83	1009.17	6.400E-6	1195.87	   0.11
2024-02-16 14:46:42.312	22.54	22.46	22.10	22.39	23.06	22.14	22.15	20.89	22.29	 903.35	  -0.29	1185.48	1008.92	6.200E-6	1195.86	   0.12
2024-02-16 14:46:43.312	22.58	22.48	22.13	22.30	23.06	22.18	22.14	20.83	22.29	 903.21	  -0.29	1185.05	1009.08	6.300E-6	1195.84	   0.10
2024-02-16 14:46:44.314	22.60	22.43	22.11	22.53	23.07	22.15	22.15	20.85	22.29	 903.25	  -0.29	1184.62	1008.84	6.300E-6	1195.85	   0.09
2024-02-16 14:46:45.314	22.56	22.40	22.16	22.71	23.01	22.16	22.23	20.83	22.29	 903.65	  -0.29	1185.91	1008.23	6.600E-6	1195.89	   0.11
2024-02-16 14:46:46.315	22.63	22.46	22.17	22.26	23.01	22.24	22.17	20.77	22.29	 903.73	  -0.29	1185.77	1009.37	6.400E-6	1195.84	   0.12
2024-02-16 14:46:47.316	22.67	22.49	22.16	22.01	23.02	22.25	22.12	20.78	22.29	 903.62	  -0.29	1184.98	1009.53	7.700E-6	1195.82	   0.10
2024-02-16 14:46:48.316	22.65	22.47	22.19	21.94	23.03	22.24	22.11	20.80	22.29	 903.41	  -0.29	1185.26	1008.96	7.500E-6	1195.84	   0.10
2024-02-16 14:46:49.317	22.63	22.46	22.21	22.02	23.05	22.24	22.10	20.79	22.29	 903.30	  -0.29	1185.81	1009.21	6.200E-6	1195.86	   0.11
2024-02-16 14:46:50.317	22.63	22.47	22.21	22.17	23.03	22.18	22.18	20.79	22.29	 903.71	  -0.29	1185.41	1009.70	6.500E-6	1195.84	   0.12
2024-02-16 14:46:51.316	22.68	22.45	22.20	21.95	23.03	22.20	22.17	20.79	22.29	 903.73	  -0.29	1185.63	1010.23	6.400E-6	1195.84	   0.15
2024-02-16 14:46:52.317	22.65	22.39	22.17	21.84	23.01	22.17	22.17	20.86	22.29	 903.87	  -0.29	1185.91	1009.00	6.200E-6	1195.84	   0.14
2024-02-16 14:46:53.317	22.60	22.44	22.18	22.06	22.98	22.16	22.19	20.85	22.29	 903.84	  -0.29	1185.73	1008.68	6.200E-6	1195.86	   0.10
2024-02-16 14:46:54.317	22.63	22.48	22.19	22.27	23.01	22.22	22.14	20.79	22.29	 903.76	  -0.29	1185.16	1009.04	6.300E-6	1195.85	   0.10
2024-02-16 14:46:55.318	22.61	22.43	22.16	22.53	23.05	22.17	22.12	20.86	22.29	 903.82	  -0.29	1185.12	1010.84	6.200E-6	1195.87	   0.12
2024-02-16 14:46:56.318	22.58	22.47	22.15	22.87	23.02	22.17	22.18	20.86	22.29	 903.76	  -0.29	1185.26	1010.96	6.400E-6	1195.84	   0.12
2024-02-16 14:46:57.319	22.61	22.52	22.13	22.46	23.06	22.16	22.15	20.83	22.29	 903.47	  -0.29	1185.05	1009.66	6.500E-6	1195.80	   0.10
2024-02-16 14:46:58.319	22.62	22.46	22.12	22.00	23.08	22.09	22.08	20.88	22.29	 903.23	  -0.29	1184.72	1009.66	6.500E-6	1195.84	   0.11
2024-02-16 14:46:59.320	22.56	22.41	22.13	22.02	23.04	22.06	22.13	20.90	22.29	 903.31	  -0.29	1185.26	1009.62	6.700E-6	1195.84	   0.12
2024-02-16 14:47:00.319	22.54	22.44	22.12	21.81	23.10	22.10	22.13	20.91	22.29	 903.52	  -0.29	1185.63	1009.62	6.900E-6	1195.82	   0.11
2024-02-16 14:47:01.319	22.54	22.50	22.10	22.00	23.09	22.14	22.15	20.90	22.29	 903.66	  -0.29	1185.55	1009.74	7.200E-6	1195.83	   0.11
2024-02-16 14:47:02.320	22.53	22.52	22.06	22.07	23.08	22.13	22.10	20.86	22.29	 904.16	  -0.29	1185.99	1009.78	6.700E-6	1195.83	   0.12
2024-02-16 14:47:03.321	22.54	22.52	22.07	22.03	23.10	22.10	22.08	20.90	22.29	 904.29	  -0.29	1185.34	1010.27	6.400E-6	1195.82	   0.11
2024-02-16 14:47:04.321	22.51	22.58	22.09	22.04	23.13	22.12	22.13	20.96	22.29	 904.00	  -0.29	1185.01	1010.72	6.300E-6	1195.84	   0.10
2024-02-16 14:47:05.321	22.50	22.55	22.08	22.50	23.17	22.13	22.11	20.91	22.29	 903.77	  -0.29	1186.24	1009.98	6.800E-6	1195.85	   0.12
2024-02-16 14:47:06.321	22.51	22.52	22.17	22.78	23.09	22.19	22.10	20.87	22.29	 903.39	  -0.29	1186.42	1009.45	7.700E-6	1195.84	   0.12
2024-02-16 14:47:07.321	22.60	22.53	22.20	22.26	23.07	22.23	22.10	20.84	22.29	 903.34	  -0.29	1184.98	1008.76	7.500E-6	1195.84	   0.10
2024-02-16 14:47:08.321	22.62	22.51	22.09	21.83	23.15	22.12	22.06	20.85	22.29	 903.25	  -0.29	1185.63	1007.82	6.600E-6	1195.83	   0.11
2024-02-16 14:47:09.321	22.54	22.48	22.09	21.63	23.14	22.11	22.06	20.86	22.29	 903.39	  -0.29	1185.66	1008.47	6.700E-6	1195.81	   0.10
2024-02-16 14:47:10.321	22.52	22.47	22.20	21.99	23.04	22.19	22.14	20.85	22.29	 903.83	  -0.29	1184.58	1009.45	6.300E-6	1195.82	   0.10
2024-02-16 14:47:11.321	22.57	22.49	22.22	22.70	22.97	22.21	22.22	20.80	22.29	 903.66	  -0.29	1184.87	1009.86	6.500E-6	1195.88	   0.10
2024-02-16 14:47:12.321	22.56	22.52	22.17	22.70	23.01	22.20	22.20	20.82	22.28	 903.25	  -0.29	1185.16	1009.17	6.600E-6	1195.88	   0.10
2024-02-16 14:47:13.321	22.57	22.56	22.13	22.15	23.10	22.18	22.10	20.88	22.28	 903.60	  -0.29	1185.59	1009.08	7.300E-6	1195.86	   0.09
2024-02-16 14:47:14.321	22.57	22.52	22.18	22.27	23.08	22.17	22.08	20.85	22.28	 903.59	  -0.29	1185.37	1009.70	6.900E-6	1195.85	   0.10
2024-02-16 14:47:15.322	22.56	22.47	22.25	22.38	23.02	22.17	22.18	20.81	22.28	 903.73	  -0.29	1185.30	1009.74	7.100E-6	1195.84	   0.11
2024-02-16 14:47:16.322	22.62	22.51	22.25	21.97	23.02	22.23	22.15	20.77	22.28	 903.65	  -0.29	1185.88	1009.49	6.500E-6	1195.81	   0.12
2024-02-16 14:47:17.322	22.66	22.50	22.21	21.80	23.07	22.24	22.04	20.77	22.29	 903.34	  -0.29	1186.20	1009.90	7.600E-6	1195.83	   0.13
2024-02-16 14:47:18.323	22.62	22.46	22.19	21.86	23.06	22.18	22.04	20.83	22.29	 903.39	  -0.29	1185.66	1010.23	7.900E-6	1195.85	   0.13
2024-02-16 14:47:19.324	22.58	22.43	22.26	21.97	23.00	22.20	22.12	20.82	22.29	 903.50	  -0.29	1185.48	1008.43	7.800E-6	1195.84	   0.13
2024-02-16 14:47:20.324	22.55	22.50	22.28	22.13	23.00	22.25	22.15	20.79	22.29	 903.21	  -0.29	1185.26	1008.72	6.200E-6	1195.85	   0.11
2024-02-16 14:47:21.324	22.57	22.58	22.20	22.19	23.08	22.29	22.13	20.78	22.29	 903.08	  -0.29	1185.37	1009.66	6.100E-6	1195.80	   0.10
2024-02-16 14:47:22.326	22.60	22.62	22.10	22.11	23.13	22.29	22.07	20.81	22.29	 903.26	  -0.29	1185.44	1009.66	6.200E-6	1195.79	   0.10
2024-02-16 14:47:23.325	22.64	22.57	22.13	22.18	23.12	22.25	22.05	20.84	22.29	 903.23	  -0.29	1185.70	1009.04	6.100E-6	1195.86	   0.11
2024-02-16 14:47:24.325	22.67	22.45	22.21	22.46	23.06	22.23	22.11	20.86	22.29	 903.78	  -0.29	1185.66	1008.55	6.400E-6	1195.87	   0.12
2024-02-16 14:47:25.325	22.64	22.40	22.21	22.50	23.00	22.18	22.18	20.88	22.29	 904.28	  -0.29	1185.37	1009.17	7.000E-6	1195.86	   0.11
2024-02-16 14:47:26.326	22.59	22.45	22.24	22.31	22.98	22.21	22.18	20.84	22.29	 903.75	  -0.29	1185.52	1010.06	5.800E-6	1195.85	   0.10
2024-02-16 14:47:27.326	22.59	22.54	22.24	22.42	22.97	22.27	22.15	20.75	22.29	 903.72	  -0.29	1186.53	1010.15	6.200E-6	1195.86	   0.10
2024-02-16 14:47:28.326	22.64	22.56	22.17	22.31	23.06	22.21	22.10	20.78	22.28	 904.03	  -0.29	1186.20	1009.98	6.100E-6	1195.82	   0.10
2024-02-16 14:47:29.326	22.58	22.53	22.11	21.96	23.13	22.14	22.07	20.91	22.28	 903.34	  -0.29	1185.34	1010.60	6.100E-6	1195.82	   0.11
2024-02-16 14:47:30.326	22.54	22.48	22.11	21.98	23.10	22.10	22.11	20.98	22.28	 903.48	  -0.29	1184.72	1011.08	6.100E-6	1195.82	   0.10
2024-02-16 14:47:31.327	22.56	22.46	22.13	22.47	23.02	22.12	22.19	20.89	22.28	 904.34	  -0.29	1185.19	1010.06	6.000E-6	1195.81	   0.10
2024-02-16 14:47:32.327	22.59	22.46	22.13	22.48	23.03	22.16	22.19	20.81	22.28	 903.92	  -0.29	1186.35	1008.88	6.100E-6	1195.83	   0.12
2024-02-16 14:47:33.328	22.67	22.47	22.09	22.10	23.11	22.15	22.11	20.86	22.28	 903.79	  -0.29	1185.63	1009.41	6.000E-6	1195.84	   0.12
2024-02-16 14:47:34.329	22.67	22.46	22.07	22.27	23.12	22.11	22.11	20.90	22.28	 904.22	  -0.29	1185.08	1010.51	6.100E-6	1195.81	   0.11
2024-02-16 14:47:35.328	22.62	22.42	22.11	22.33	23.06	22.07	22.14	20.94	22.28	 904.25	  -0.29	1185.70	1009.25	6.200E-6	1195.79	   0.12
2024-02-16 14:47:36.328	22.60	22.44	22.13	22.27	23.04	22.09	22.18	20.88	22.28	 903.63	  -0.29	1186.17	1008.84	6.000E-6	1195.86	   0.12
2024-02-16 14:47:37.329	22.60	22.46	22.12	22.16	23.07	22.11	22.19	20.87	22.28	 904.02	  -0.29	1185.99	1009.98	6.000E-6	1195.86	   0.13
2024-02-16 14:47:38.329	22.59	22.49	22.12	22.26	23.06	22.11	22.19	20.84	22.28	 903.63	  -0.29	1185.73	1010.23	6.000E-6	1195.85	   0.13
2024-02-16 14:47:39.329	22.56	22.52	22.09	22.28	23.10	22.14	22.15	20.88	22.28	 903.96	  -0.29	1185.12	1010.15	6.000E-6	1195.86	   0.11
2024-02-16 14:47:40.329	22.55	22.55	22.10	22.47	23.16	22.17	22.06	20.94	22.28	 903.95	  -0.29	1185.81	1009.17	6.100E-6	1195.80	   0.10
2024-02-16 14:47:41.330	22.54	22.57	22.18	22.72	23.12	22.21	22.06	20.85	22.28	 902.63	  -0.29	1186.45	1008.76	5.900E-6	1195.84	   0.10
2024-02-16 14:47:42.330	22.59	22.52	22.22	22.66	23.05	22.18	22.12	20.84	22.28	 902.70	  -0.29	1186.53	1009.00	6.200E-6	1195.89	   0.09
2024-02-16 14:47:43.332	22.65	22.50	22.17	23.20	23.04	22.17	22.18	20.86	22.28	 904.04	  -0.29	1186.06	1008.60	6.200E-6	1195.82	   0.11
2024-02-16 14:47:44.331	22.65	22.45	22.15	22.99	23.03	22.13	22.21	20.86	22.28	 903.81	  -0.29	1185.77	1009.33	6.200E-6	1195.82	   0.11
2024-02-16 14:47:45.331	22.57	22.46	22.09	22.23	23.08	22.11	22.14	20.86	22.28	 902.57	  -0.29	1185.44	1010.23	6.200E-6	1195.85	   0.10
2024-02-16 14:47:46.332	22.55	22.51	22.10	21.96	23.13	22.11	22.08	20.88	22.28	 902.95	  -0.29	1185.52	1009.45	6.100E-6	1195.84	   0.09
2024-02-16 14:47:47.332	22.54	22.53	22.16	22.00	23.09	22.13	22.08	20.88	22.28	 904.05	  -0.29	1186.42	1008.31	6.100E-6	1195.82	   0.10
2024-02-16 14:47:48.332	22.51	22.54	22.20	22.39	23.02	22.17	22.11	20.83	22.28	 904.57	  -0.29	1186.38	1009.62	6.100E-6	1195.80	   0.10
2024-02-16 14:47:49.332	22.61	22.53	22.20	22.27	23.01	22.22	22.14	20.79	22.28	 904.23	  -0.29	1186.24	1010.55	6.100E-6	1195.82	   0.11
2024-02-16 14:47:50.333	22.68	22.50	22.15	22.34	23.08	22.17	22.12	20.83	22.28	 903.59	  -0.29	1186.27	1009.53	7.000E-6	1195.82	   0.11
2024-02-16 14:47:51.334	22.61	22.54	22.09	22.28	23.15	22.15	22.05	20.91	22.28	 903.25	  -0.29	1185.19	1010.76	5.900E-6	1195.82	   0.11
2024-02-16 14:47:52.333	22.57	22.52	22.17	22.17	23.08	22.15	22.08	20.88	22.28	 903.53	  -0.29	1185.12	1011.66	6.300E-6	1195.83	   0.11
2024-02-16 14:47:53.333	22.59	22.45	22.23	22.33	22.97	22.13	22.20	20.83	22.28	 903.33	  -0.29	1185.91	1010.31	6.200E-6	1195.84	   0.12
2024-02-16 14:47:54.333	22.59	22.51	22.15	22.35	23.00	22.17	22.19	20.84	22.28	 903.41	  -0.29	1184.98	1009.70	6.400E-6	1195.83	   0.11
2024-02-16 14:47:55.333	22.59	22.52	22.08	22.29	23.06	22.14	22.14	20.91	22.28	 903.96	  -0.29	1184.47	1011.17	6.300E-6	1195.83	   0.09
2024-02-16 14:47:56.333	22.58	22.45	22.11	22.39	23.07	22.12	22.18	20.96	22.28	 903.83	  -0.29	1185.08	1010.47	6.500E-6	1195.86	   0.10
2024-02-16 14:47:57.333	22.54	22.51	22.14	22.54	23.10	22.17	22.13	20.93	22.28	 903.28	  -0.29	1185.48	1009.25	6.900E-6	1195.84	   0.10
2024-02-16 14:47:58.333	22.55	22.60	22.13	22.28	23.09	22.23	22.04	20.84	22.28	 903.32	  -0.29	1185.48	1009.98	6.600E-6	1195.87	   0.10
2024-02-16 14:47:59.333	22.57	22.60	22.11	21.96	23.10	22.25	22.01	20.78	22.28	 903.97	  -0.29	1184.80	1010.47	6.200E-6	1195.86	   0.10
2024-02-16 14:48:00.333	22.55	22.58	22.10	22.24	23.14	22.23	22.02	20.83	22.28	 903.91	  -0.29	1185.59	1009.21	7.400E-6	1195.78	   0.10
2024-02-16 14:48:01.334	22.55	22.54	22.07	21.98	23.17	22.13	22.03	20.92	22.28	 902.87	  -0.29	1185.77	1009.00	6.400E-6	1195.77	   0.10
2024-02-16 14:48:02.333	22.57	22.46	22.09	21.88	23.18	22.03	22.08	20.98	22.28	 902.91	  -0.29	1185.19	1009.62	6.200E-6	1195.85	   0.11
2024-02-16 14:48:03.334	22.57	22.41	22.15	22.24	23.09	22.05	22.18	20.98	22.28	 904.00	  -0.29	1185.70	1008.60	6.800E-6	1195.89	   0.12
2024-02-16 14:48:04.335	22.54	22.42	22.18	22.51	23.04	22.06	22.24	20.89	22.28	 903.50	  -0.29	1186.06	1008.72	7.000E-6	1195.84	   0.11
2024-02-16 14:48:05.336	22.56	22.42	22.20	22.72	23.00	22.08	22.26	20.85	22.28	 903.27	  -0.29	1185.52	1009.17	5.600E-6	1195.82	   0.11
2024-02-16 14:48:06.337	22.59	22.44	22.24	22.60	22.96	22.11	22.24	20.83	22.28	 903.18	  -0.29	1185.37	1010.19	6.400E-6	1195.79	   0.11
2024-02-16 14:48:07.336	22.56	22.50	22.27	22.62	22.95	22.15	22.21	20.83	22.28	 902.63	  -0.29	1186.27	1010.43	6.300E-6	1195.75	   0.11
2024-02-16 14:48:08.336	22.59	22.51	22.26	22.17	22.95	22.19	22.20	20.78	22.28	 902.94	  -0.29	1186.20	1009.78	6.400E-6	1195.76	   0.12
2024-02-16 14:48:09.336	22.64	22.48	22.20	22.33	22.99	22.21	22.16	20.77	22.28	 903.53	  -0.29	1184.47	1010.15	6.200E-6	1195.77	   0.12
2024-02-16 14:48:10.336	22.61	22.50	22.08	22.56	23.06	22.18	22.12	20.83	22.28	 903.04	  -0.29	1184.76	1010.06	6.400E-6	1195.80	   0.13
2024-02-16 14:48:11.336	22.58	22.54	22.04	22.10	23.13	22.11	22.06	20.89	22.28	 903.09	  -0.29	1186.38	1010.15	5.800E-6	1195.84	   0.11
2024-02-16 14:48:12.337	22.57	22.52	22.07	22.35	23.14	22.12	22.03	20.91	22.28	 903.38	  -0.29	1186.17	1009.90	5.800E-6	1195.85	   0.11
2024-02-16 14:48:13.336	22.53	22.52	22.16	22.50	23.12	22.13	22.08	20.90	22.28	 903.55	  -0.29	1186.31	1009.17	5.600E-6	1195.82	   0.11
2024-02-16 14:48:14.336	22.54	22.53	22.24	22.14	23.01	22.19	22.13	20.84	22.28	 903.81	  -0.29	1186.35	1008.96	6.000E-6	1195.84	   0.11
2024-02-16 14:48:15.338	22.56	22.53	22.21	21.55	23.02	22.22	22.11	20.78	22.28	 903.39	  -0.29	1186.49	1009.45	6.000E-6	1195.88	   0.13
2024-02-16 14:48:16.338	22.56	22.57	22.16	21.14	23.11	22.22	22.11	20.78	22.28	 903.57	  -0.29	1186.17	1008.84	6.600E-6	1195.85	   0.13
2024-02-16 14:48:17.338	22.58	22.60	22.18	21.78	23.07	22.24	22.16	20.81	22.28	 903.62	  -0.29	1184.80	1008.55	6.400E-6	1195.86	   0.09
2024-02-16 14:48:18.338	22.60	22.57	22.23	22.76	23.01	22.26	22.16	20.80	22.28	 904.07	  -0.29	1185.08	1009.17	5.700E-6	1195.80	   0.10
2024-02-16 14:48:19.338	22.62	22.51	22.21	22.62	23.04	22.25	22.15	20.78	22.28	 904.34	  -0.29	1185.84	1009.66	6.000E-6	1195.78	   0.12
2024-02-16 14:48:20.337	22.64	22.49	22.15	22.86	23.07	22.16	22.15	20.82	22.28	 903.87	  -0.29	1185.66	1009.98	6.000E-6	1195.80	   0.11
2024-02-16 14:48:21.339	22.61	22.52	22.10	22.24	23.10	22.10	22.14	20.87	22.28	 903.19	  -0.29	1184.98	1008.76	6.300E-6	1195.78	   0.11
2024-02-16 14:48:22.339	22.52	22.56	22.08	21.74	23.12	22.17	22.11	20.85	22.28	 903.90	  -0.29	1185.01	1008.23	6.100E-6	1195.79	   0.11
2024-02-16 14:48:23.341	22.55	22.58	22.12	21.99	23.13	22.20	22.02	20.81	22.28	 903.84	  -0.29	1185.84	1008.92	6.000E-6	1195.87	   0.11
2024-02-16 14:48:24.341	22.62	22.58	22.17	22.06	23.09	22.22	22.02	20.77	22.28	 903.25	  -0.29	1185.77	1009.37	5.800E-6	1195.88	   0.08
2024-02-16 14:48:25.340	22.68	22.54	22.19	22.15	23.04	22.25	22.07	20.78	22.28	 903.88	  -0.29	1186.49	1009.78	6.100E-6	1195.83	   0.08
2024-02-16 14:48:26.341	22.68	22.46	22.14	22.41	23.07	22.15	22.07	20.83	22.28	 903.93	  -0.29	1187.03	1010.31	5.900E-6	1195.83	   0.14
2024-02-16 14:48:27.341	22.57	22.45	22.12	22.14	23.06	22.06	22.13	20.91	22.28	 903.68	  -0.29	1185.73	1010.76	6.200E-6	1195.81	   0.14
2024-02-16 14:48:28.340	22.48	22.48	22.15	22.36	23.06	22.07	22.14	20.92	22.28	 903.48	  -0.29	1185.55	1009.94	6.100E-6	1195.81	   0.13
2024-02-16 14:48:29.340	22.47	22.51	22.15	22.33	23.09	22.14	22.13	20.88	22.28	 903.39	  -0.29	1186.31	1008.43	5.900E-6	1195.83	   0.12
2024-02-16 14:48:30.341	22.53	22.57	22.12	22.29	23.10	22.22	22.12	20.88	22.28	 903.27	  -0.29	1186.42	1008.68	6.200E-6	1195.84	   0.11
2024-02-16 14:48:31.342	22.57	22.53	22.14	22.11	23.11	22.17	22.07	20.87	22.28	 903.56	  -0.29	1185.73	1010.51	6.000E-6	1195.86	   0.10
2024-02-16 14:48:32.342	22.57	22.49	22.17	21.85	23.09	22.08	22.09	20.87	22.28	 903.52	  -0.29	1185.44	1010.55	6.100E-6	1195.84	   0.11
2024-02-16 14:48:33.343	22.60	22.49	22.16	22.16	23.06	22.10	22.10	20.93	22.28	 903.36	  -0.29	1185.16	1009.08	6.200E-6	1195.81	   0.10
2024-02-16 14:48:34.343	22.64	22.47	22.16	22.21	23.05	22.14	22.13	20.90	22.28	 903.42	  -0.29	1185.19	1010.11	6.100E-6	1195.85	   0.10
2024-02-16 14:48:35.343	22.63	22.42	22.18	22.12	23.03	22.13	22.15	20.85	22.28	 903.35	  -0.29	1185.77	1009.78	6.100E-6	1195.85	   0.11
2024-02-16 14:48:36.343	22.58	22.40	22.18	22.32	22.99	22.09	22.17	20.84	22.28	 903.34	  -0.29	1185.70	1008.84	6.200E-6	1195.81	   0.12
2024-02-16 14:48:37.343	22.61	22.48	22.12	22.25	23.04	22.11	22.15	20.83	22.27	 903.45	  -0.29	1185.52	1009.57	5.900E-6	1195.79	   0.11
2024-02-16 14:48:38.343	22.61	22.45	22.09	22.05	23.09	22.09	22.13	20.89	22.27	 903.26	  -0.29	1185.12	1009.74	6.200E-6	1195.80	   0.13
