# t [days]   T_Julabo [°C]   T2 [°C]  dT2 [°C]  T5 [°C]  dT5 [°C]  T6 [°C] dT6 [°C]  P4 [mbar]  dP4 [mbar] P5 [mbar]   dP5 [mbar]
0.0   22  23.12  0.10  22.71  0.10  22.93  0.10  1202.0   0.10  499.3 0.10
0.47934690769974714   22  22.90  0.40  22.70  0.04  22.77  0.63  1164.2   13.96  494.5 26.69
1.4380797804429524   22  22.54  0.41  22.70  0.05  22.65  0.66  1132.0   6.77  994.4 7.20
2.396518693884797   22  22.65  0.51  22.70  0.05  22.59  0.75  1111.7   4.97  974.2 5.82
3.354955499556372   22  22.47  0.66  22.69  0.05  22.50  0.86  1095.9   3.84  955.2 4.46
4.3133928428702495   22  22.53  0.52  22.69  0.05  22.58  0.72  1082.6   3.31  990.1 28.68
5.271829171021119   22  22.50  0.52  22.68  0.05  22.58  0.68  1070.9   2.84  1010.3 1.11
6.230266518621457   22  22.56  0.47  22.68  0.05  22.61  0.56  1060.5   2.52  1004.2 1.73
7.188703588646703   22  22.69  0.53  22.68  0.05  22.59  0.57  1051.1   2.16  1009.6 1.96
8.147138671480313   22  22.71  0.56  22.68  0.05  22.57  0.65  1042.3   1.86  1014.2 0.29
9.105576044624677   22  22.72  0.51  22.69  0.05  22.57  0.59  1034.1   1.77  1016.5 1.17
10.064012711712094   22  22.69  0.45  22.68  0.05  22.48  0.42  1026.3   1.93  1017.5 0.80
11.022448321391115   22  22.67  0.46  22.68  0.05  22.54  0.50  1019.3   1.84  1014.0 2.01
11.980883342986264   22  22.63  0.55  22.68  0.05  22.48  0.60  1012.6   2.00  1009.4 1.58
12.939319340833604   22  22.67  0.53  22.68  0.05  22.53  0.58  1006.3   2.12  1003.0 1.96
13.897756773722854   22  22.66  0.57  22.68  0.05  22.48  0.62  1000.3   2.23  1006.7 1.83
14.856195176551646   22  22.81  0.48  22.68  0.05  22.61  0.58  994.9   2.12  1014.2 2.12
15.814634621116298   22  22.84  0.40  22.67  0.04  22.63  0.46  989.6   1.95  1018.0 0.64
