# t [days]   T_Julabo [°C]   T2 [°C]  dT2 [°C]  T5 [°C]  dT5 [°C]  T6 [°C] dT6 [°C]  P4 [mbar]  dP4 [mbar] P5 [mbar]   dP5 [mbar]
0.0   22  22.09  0.10  22.61  0.10  22.28  0.10  1201.1   0.10  804.5 0.10
0.4792494850610511   22  22.11  0.12  22.65  0.04  22.67  0.75  1184.3   6.14  802.5 1.07
1.4376833923056078   22  22.12  0.12  22.65  0.04  22.72  0.63  1169.2   2.70  800.6 0.82
2.396118244954225   22  22.12  0.11  22.66  0.04  22.65  0.69  1159.6   1.89  799.3 0.98
3.3545515604581757   22  22.12  0.10  22.67  0.04  22.80  0.68  1152.2   1.46  798.6 1.10
4.3129824676656785   22  22.13  0.11  22.67  0.04  22.89  0.53  1146.0   1.43  797.8 0.70
5.271414755899274   22  22.12  0.11  22.67  0.04  22.81  0.59  1140.1   1.22  797.2 0.82
6.229845897495764   22  22.12  0.10  22.67  0.04  22.82  0.54  1135.0   1.31  796.7 0.82
7.188278551268801   22  22.12  0.10  22.66  0.03  22.68  0.62  1130.1   1.37  796.0 0.96
8.146710897202915   22  22.12  0.10  22.66  0.03  22.72  0.59  1125.8   1.42  795.6 0.95
9.10514309555989   22  22.12  0.10  22.66  0.03  22.63  0.66  1121.5   1.56  795.3 0.95
10.063576150804444   22  22.11  0.11  22.66  0.04  22.55  0.77  1117.5   1.70  794.8 1.10
11.022007492150863   22  22.13  0.10  22.66  0.04  22.74  0.73  1114.0   1.69  794.7 1.08
11.98044092125406   22  22.10  0.12  22.64  0.04  22.69  0.81  1110.5   1.75  794.2 1.31
12.938874357674925   22  22.10  0.12  22.64  0.04  22.73  0.76  1107.1   1.67  794.0 1.26
13.897303673187261   22  22.08  0.13  22.64  0.04  22.63  0.74  1103.8   1.60  793.6 1.23
14.855737902126767   22  22.08  0.13  22.63  0.04  22.64  0.80  1100.7   1.55  793.3 1.28
15.814171049525696   22  22.08  0.13  22.63  0.04  22.64  0.81  1097.7   1.48  793.1 1.24
16.772602234026643   22  22.07  0.13  22.63  0.04  22.58  0.85  1094.8   1.46  792.8 1.30
17.731031851838978   22  22.08  0.13  22.63  0.04  22.65  0.85  1092.1   1.25  792.7 1.28
18.68946159162149   22  22.08  0.13  22.63  0.04  22.61  0.81  1089.4   1.22  792.5 1.17
19.647891398326074   22  22.08  0.12  22.63  0.04  22.59  0.86  1086.7   1.15  792.3 1.21
20.60632439993358   22  22.09  0.12  22.63  0.04  22.65  0.90  1084.1   1.09  792.2 1.19
21.565082498861166   22  22.15  0.23  22.64  0.05  22.86  0.82  1081.8   1.01  792.0 1.89
22.52358202156481   22  22.18  0.21  22.65  0.05  23.03  0.74  1079.4   0.92  791.6 2.10
23.482016316801527   22  22.19  0.22  22.65  0.05  22.95  0.85  1077.0   0.91  791.4 2.15
24.440447166775392   22  22.16  0.15  22.64  0.05  22.77  0.87  1074.7   0.83  792.6 2.02
25.398876852757354   22  22.17  0.15  22.63  0.06  22.78  0.90  1072.4   0.80  792.5 1.87
26.357306915520834   22  22.11  0.12  22.63  0.06  22.66  0.95  1070.1   0.69  791.8 1.78
27.31573741926074   22  22.09  0.14  22.63  0.05  22.72  0.95  1068.0   0.71  791.5 1.99
28.27416820064773   22  22.08  0.14  22.62  0.04  22.59  0.96  1065.7   0.69  790.6 1.40
29.23259939808214   22  22.08  0.13  22.62  0.04  22.66  0.86  1063.7   0.72  790.6 1.24
30.191029217581125   22  22.08  0.13  22.62  0.04  22.66  0.86  1061.7   0.92  790.4 1.27
31.14945947341986   22  22.07  0.14  22.61  0.04  22.66  0.88  1059.7   1.14  790.2 1.39
32.107888385127026   22  22.05  0.15  22.61  0.04  22.52  0.99  1057.6   1.34  789.7 1.53
33.06631954354716   22  22.05  0.15  22.61  0.04  22.53  0.96  1055.6   1.41  789.6 1.51
34.024751840773746   22  22.06  0.15  22.61  0.04  22.57  0.94  1053.8   1.45  789.5 1.50
34.983183720476035   22  22.07  0.15  22.61  0.04  22.62  0.94  1052.0   1.45  789.5 1.49
35.94161547816482   22  22.07  0.14  22.61  0.04  22.70  0.99  1050.2   1.46  789.5 1.51
36.900047605567686   22  22.28  0.10  22.67  0.03  23.36  0.70  1049.0   1.19  790.2 1.13
37.85848034379514   22  22.22  0.10  22.64  0.04  23.74  0.42  1047.7   0.57  790.8 0.54
38.81691250005283   22  22.17  0.08  22.63  0.04  23.73  0.33  1046.1   0.55  790.7 0.32
39.775344310558125   22  22.18  0.08  22.63  0.03  23.80  0.34  1044.4   0.54  790.7 0.35
40.73377464128308   22  22.18  0.09  22.63  0.03  23.77  0.34  1042.7   0.57  790.5 0.33
41.69220414748108   22  22.16  0.09  22.62  0.03  23.60  0.36  1040.9   0.59  790.1 0.36
42.6506370110405   22  22.14  0.09  22.62  0.03  23.36  0.35  1038.9   0.53  789.7 0.35
43.60906954747158   22  22.15  0.09  22.63  0.03  23.41  0.32  1037.4   0.52  789.6 0.32
44.567499320663785   22  22.13  0.08  22.62  0.03  23.17  0.34  1035.5   0.46  789.2 0.38
45.52593015673196   22  22.15  0.08  22.63  0.03  23.41  0.33  1034.1   0.53  789.2 0.37
46.4857749163253   22  22.16  0.08  22.63  0.03  23.56  0.30  222.3   421.75  789.3 0.35
47.44453330879617   22  22.16  0.08  22.63  0.03  23.57  0.31  1.9   0.19  789.2 0.36
48.40296337417149   22  22.18  0.08  22.64  0.04  23.80  0.32  1.0   0.76  790.0 0.66
49.36139795645993   22  22.20  0.07  22.65  0.04  23.90  0.31  0.6   0.03  790.2 0.56
50.319826817469014   22  22.22  0.07  22.66  0.04  24.03  0.32  0.6   0.03  790.3 0.52
51.27825867356679   22  22.22  0.07  22.66  0.04  24.05  0.33  0.6   0.03  790.2 0.52
52.23669143961044   22  22.20  0.08  22.64  0.03  23.82  0.34  0.6   0.05  789.2 0.33
53.19512127681157   22  22.18  0.08  22.63  0.03  23.83  0.28  0.8   0.08  788.9 0.30
54.15354994465104   22  22.17  0.08  22.63  0.03  23.76  0.30  1.1   0.08  788.7 0.37
55.11197946130764   22  22.16  0.09  22.63  0.03  23.59  0.33  1.3   0.07  788.3 0.42
56.07040764761599   22  22.17  0.08  22.64  0.03  23.68  0.29  1.6   0.08  788.4 0.36
57.028839999780246   22  22.17  0.08  22.64  0.03  23.74  0.32  1.8   0.08  788.4 0.32
57.9872712339882   22  22.18  0.08  22.64  0.03  23.81  0.31  2.0   0.08  788.4 0.32
