# t [days]   T_Julabo [°C]   T2 [°C]  dT2 [°C]  T5 [°C]  dT5 [°C]  T6 [°C] dT6 [°C]  P4 [mbar]  dP4 [mbar] P5 [mbar]   dP5 [mbar]
0.0   22  23.15  0.10  22.61  0.10  22.19  0.10  1204.8   0.10  1019.2 0.10
0.47924478566572626   22  22.75  0.48  22.65  0.03  22.63  0.78  1165.2   14.87  1017.1 0.77
1.4376787285935166   22  22.48  0.63  22.65  0.03  22.59  0.86  1130.6   6.30  1016.1 0.43
2.396112287805807   22  22.55  0.59  22.65  0.04  22.64  0.74  1112.1   3.66  1021.3 3.54
3.3545473809819946   22  22.50  0.62  22.65  0.03  22.61  0.85  1100.3   2.26  1027.4 0.78
4.312982547933137   22  22.54  0.57  22.64  0.03  22.69  0.84  1092.5   1.48  1027.5 0.85
5.271415643387795   22  22.56  0.55  22.64  0.03  22.66  0.79  1086.8   1.17  1026.3 1.16
6.229849182116199   22  22.58  0.55  22.63  0.03  22.66  0.79  1082.7   1.12  1023.7 1.62
7.188283757766343   22  22.56  0.60  22.63  0.03  22.57  0.84  1079.5   1.14  1015.7 3.43
