# t [days]   T_Julabo [°C]   T2 [°C]  dT2 [°C]  T5 [°C]  dT5 [°C]  T6 [°C] dT6 [°C]  P4 [mbar]  dP4 [mbar] P5 [mbar]   dP5 [mbar]
0.0   22  22.03  0.10  22.58  0.10  22.17  0.10  1202.0   0.10  0.3 0.10
0.4792492033731015   22  22.11  0.12  22.65  0.04  22.67  0.75  1184.4   6.20  800.5 38.44
1.4376831185412868   22  22.12  0.12  22.65  0.04  22.72  0.63  1169.3   2.70  800.6 0.82
2.3961179726268775   22  22.12  0.11  22.66  0.04  22.65  0.69  1159.7   1.89  799.3 0.98
3.3545512917728892   22  22.12  0.10  22.67  0.04  22.80  0.68  1152.3   1.46  798.6 1.10
4.31298220637424   22  22.13  0.11  22.67  0.04  22.89  0.53  1146.0   1.43  797.8 0.70
5.271414494607135   22  22.12  0.11  22.67  0.04  22.81  0.59  1140.1   1.23  797.2 0.82
6.229845639271875   22  22.12  0.10  22.67  0.04  22.81  0.54  1135.0   1.33  796.7 0.82
7.188278283761889   22  22.12  0.10  22.66  0.03  22.68  0.62  1130.1   1.38  796.0 0.97
8.14671062972885   22  22.12  0.10  22.66  0.03  22.72  0.59  1125.8   1.43  795.6 0.95
9.105142821864762   22  22.12  0.10  22.66  0.04  22.63  0.66  1121.6   1.57  795.3 0.95
10.063575891550352   22  22.11  0.11  22.66  0.04  22.55  0.77  1117.5   1.71  794.8 1.10
11.022007228919929   22  22.13  0.10  22.66  0.04  22.74  0.73  1114.0   1.69  794.7 1.08
11.980440882244949   22  22.10  0.12  22.64  0.04  22.69  0.81  1110.5   1.76  794.3 1.31
12.938874101639346   22  22.10  0.12  22.64  0.04  22.73  0.76  1107.2   1.66  794.0 1.25
13.897303412220117   22  22.08  0.13  22.64  0.04  22.63  0.74  1103.9   1.60  793.6 1.23
14.855737626990475   22  22.08  0.13  22.63  0.04  22.64  0.80  1100.8   1.54  793.3 1.28
15.81417077965155   22  22.08  0.13  22.63  0.04  22.64  0.81  1097.8   1.47  793.1 1.24
16.772601982420106   22  22.07  0.13  22.63  0.04  22.58  0.85  1094.8   1.46  792.8 1.29
17.731031596042428   22  22.08  0.13  22.63  0.04  22.65  0.85  1092.1   1.24  792.7 1.28
18.68946133605698   22  22.08  0.13  22.63  0.04  22.61  0.81  1089.4   1.21  792.5 1.17
19.647891143016672   22  22.08  0.12  22.63  0.04  22.59  0.86  1086.7   1.15  792.3 1.21
20.606324127210645   22  22.09  0.12  22.63  0.04  22.65  0.90  1084.1   1.09  792.2 1.19
21.56508066370882   22  22.15  0.23  22.64  0.05  22.86  0.82  1081.8   1.00  792.0 1.89
22.52358175939833   22  22.18  0.21  22.65  0.05  23.03  0.74  1079.4   0.91  791.6 2.10
23.482016043033713   22  22.19  0.22  22.65  0.05  22.95  0.85  1077.0   0.90  791.4 2.15
24.44044691243329   22  22.16  0.15  22.64  0.05  22.77  0.87  1074.7   0.82  792.6 2.02
25.398876597624074   22  22.17  0.15  22.63  0.06  22.78  0.90  1072.4   0.80  792.5 1.87
26.35730665951671   22  22.11  0.12  22.63  0.06  22.66  0.95  1070.1   0.69  791.8 1.78
27.315737156886676   22  22.09  0.14  22.63  0.05  22.72  0.95  1068.0   0.71  791.5 1.99
28.27416794139084   22  22.08  0.14  22.62  0.04  22.59  0.96  1065.7   0.69  790.6 1.40
29.23259913952277   22  22.08  0.13  22.62  0.04  22.66  0.86  1063.7   0.74  790.6 1.23
30.191028960680985   22  22.08  0.13  22.62  0.04  22.66  0.86  1061.7   0.93  790.4 1.27
31.14945921837325   22  22.07  0.14  22.61  0.04  22.67  0.88  1059.7   1.15  790.2 1.40
32.10788813479322   22  22.05  0.16  22.61  0.04  22.52  0.99  1057.6   1.35  789.7 1.53
33.06631926921741   22  22.05  0.15  22.61  0.04  22.53  0.96  1055.6   1.42  789.6 1.52
34.024751583483614   22  22.06  0.15  22.61  0.04  22.57  0.94  1053.8   1.46  789.5 1.50
34.98318369255875   22  22.07  0.15  22.61  0.04  22.62  0.95  1052.0   1.45  789.5 1.50
35.941615219644596   22  22.08  0.14  22.61  0.04  22.70  0.99  1050.2   1.46  789.5 1.51
36.90004733282239   22  22.28  0.10  22.67  0.03  23.35  0.70  1049.0   1.19  790.2 1.14
37.85848008347868   22  22.22  0.10  22.64  0.04  23.74  0.42  1047.7   0.57  790.8 0.55
38.81691223373338   22  22.17  0.08  22.63  0.04  23.73  0.33  1046.1   0.55  790.7 0.32
39.77534404463425   22  22.18  0.08  22.63  0.03  23.80  0.34  1044.4   0.54  790.7 0.35
40.73377439351919   22  22.18  0.09  22.63  0.03  23.77  0.34  1042.8   0.57  790.5 0.33
41.692203881724254   22  22.16  0.09  22.62  0.03  23.60  0.36  1040.9   0.59  790.2 0.36
42.65063674226016   22  22.14  0.09  22.62  0.03  23.36  0.35  1038.9   0.53  789.7 0.35
43.609069288831826   22  22.15  0.09  22.63  0.03  23.41  0.32  1037.4   0.52  789.6 0.32
44.567499064828795   22  22.13  0.08  22.62  0.03  23.17  0.34  1035.5   0.46  789.2 0.39
